Time,CK0,CS,CA1,CA2,CA0,CA7,CA9,CA8,CA6,CA4,CA10
-2.0665e-08,1,1,1,1,1,1,1,1,1,1,1
-2.0585e-08,0,1,1,1,1,1,1,1,1,1,1
-2.0505e-08,0,1,1,1,1,1,1,1,1,1,1
-2.0425e-08,1,1,1,1,1,1,1,1,1,1,1
-2.0345e-08,1,1,1,1,1,1,1,1,1,1,1
-2.0265e-08,1,1,1,1,1,1,1,1,1,1,1
-2.0185e-08,0,1,1,1,1,1,1,1,1,1,1
-2.0105e-08,0,1,1,1,1,1,1,1,1,1,1
-2.0025e-08,0,1,1,1,1,1,1,1,1,1,1
-1.9945e-08,1,1,1,1,1,1,1,1,1,1,1
-1.9865e-08,1,1,1,1,1,1,1,1,1,1,1
-1.9785e-08,0,1,1,1,1,1,1,1,1,1,1
-1.9705e-08,0,1,1,1,1,1,1,1,1,1,1
-1.9625e-08,0,1,1,1,1,1,1,1,1,1,1
-1.9545e-08,1,1,1,1,1,1,1,1,1,1,1
-1.9465e-08,1,1,1,1,1,1,1,1,1,1,1
-1.9385e-08,1,1,1,1,1,1,1,1,1,1,1
-1.9305e-08,0,1,1,1,1,1,1,1,1,1,1
-1.9225e-08,0,1,1,1,1,1,1,1,1,1,1
-1.9145e-08,1,1,1,1,1,1,1,1,1,1,1
-1.9065e-08,1,1,1,1,1,1,1,1,1,1,1
-1.8985e-08,1,1,1,1,1,1,1,1,1,1,1
-1.8905e-08,0,1,1,1,1,1,1,1,1,1,1
-1.8825e-08,0,1,1,1,1,1,1,1,1,1,1
-1.8745e-08,1,1,1,1,1,1,1,1,1,1,1
-1.8665e-08,1,1,1,1,1,1,1,1,1,1,1
-1.8585e-08,1,1,1,1,1,1,1,1,1,1,1
-1.8505e-08,0,1,1,1,1,1,1,1,1,1,1
-1.8425e-08,0,1,1,1,1,1,1,1,1,1,1
-1.8345e-08,0,1,1,1,1,1,1,1,1,1,1
-1.8265e-08,1,1,1,1,1,1,1,1,1,1,1
-1.8185e-08,1,1,1,1,1,1,1,1,1,1,1
-1.8105e-08,0,1,1,1,1,1,1,1,1,1,1
-1.8025e-08,0,1,1,1,1,1,1,1,1,1,1
-1.7945e-08,0,1,1,1,1,1,1,1,1,1,1
-1.7865e-08,1,1,1,1,1,1,1,1,1,1,1
-1.7785e-08,1,1,1,1,1,1,1,1,1,1,1
-1.7705e-08,1,1,1,1,1,1,1,1,1,1,1
-1.7625e-08,0,1,1,1,1,1,1,1,1,1,1
-1.7545e-08,0,1,1,1,1,1,1,1,1,1,1
-1.7465e-08,1,1,1,1,1,1,1,1,1,1,1
-1.7385e-08,1,1,1,1,1,1,1,1,1,1,1
-1.7305e-08,1,1,1,1,1,1,1,1,1,1,1
-1.7225e-08,0,1,1,1,1,1,1,1,1,1,1
-1.7145e-08,0,1,1,1,1,1,1,1,1,1,1
-1.7065e-08,1,1,1,1,1,1,1,1,1,1,1
-1.6985e-08,1,1,1,1,1,1,1,1,1,1,1
-1.6905e-08,1,1,1,1,1,1,1,1,1,1,1
-1.6825e-08,0,1,1,1,1,1,1,1,1,1,1
-1.6745e-08,0,1,1,1,1,1,1,1,1,1,1
-1.6665e-08,0,1,1,1,1,1,1,1,1,1,1
-1.6585e-08,1,1,1,1,1,1,1,1,1,1,1
-1.6505e-08,1,1,1,1,1,1,1,1,1,1,1
-1.6425e-08,0,1,1,1,1,1,1,1,1,1,1
-1.6345e-08,0,1,1,1,1,1,1,1,1,1,1
-1.6265e-08,0,1,1,1,1,1,1,1,1,1,1
-1.6185e-08,1,1,1,1,1,1,1,1,1,1,1
-1.6105e-08,1,1,1,1,1,1,1,1,1,1,1
-1.6025e-08,1,1,1,1,1,1,1,1,1,1,1
-1.5945e-08,0,1,1,1,1,1,1,1,1,1,1
-1.5865e-08,0,1,1,1,1,1,1,1,1,1,1
-1.5785e-08,1,1,1,1,1,1,1,1,1,1,1
-1.5705e-08,1,1,1,1,1,1,1,1,1,1,1
-1.5625e-08,1,1,1,1,1,1,1,1,1,1,1
-1.5545e-08,0,1,1,1,1,1,1,1,1,1,1
-1.5465e-08,0,1,1,1,1,1,1,1,1,1,1
-1.5385e-08,1,1,1,1,1,1,1,1,1,1,1
-1.5305e-08,1,1,1,1,1,1,1,1,1,1,1
-1.5225e-08,1,1,1,1,1,1,1,1,1,1,1
-1.5145e-08,0,1,1,1,1,1,1,1,1,1,1
-1.5065e-08,0,1,1,1,1,1,1,1,1,1,1
-1.4985e-08,1,1,1,1,1,1,1,1,1,1,1
-1.4905e-08,1,1,1,1,1,1,1,1,1,1,1
-1.4825e-08,1,1,1,1,1,1,1,1,1,1,1
-1.4745e-08,0,1,1,1,1,1,1,1,1,1,1
-1.4665e-08,0,1,1,1,1,1,1,1,1,1,1
-1.4585e-08,0,1,1,1,1,1,1,1,1,1,1
-1.4505e-08,1,1,1,1,1,1,1,1,1,1,1
-1.4425e-08,1,1,1,1,1,1,1,1,1,1,1
-1.4345e-08,0,1,1,1,1,1,1,1,1,1,1
-1.4265e-08,0,1,1,1,1,1,1,1,1,1,1
-1.4185e-08,0,1,1,1,1,1,1,1,1,1,1
-1.4105e-08,1,1,1,1,1,1,1,1,1,1,1
-1.4025e-08,1,1,1,1,1,1,1,1,1,1,1
-1.3945e-08,1,1,1,1,1,1,1,1,1,1,1
-1.3865e-08,0,1,1,1,1,1,1,1,1,1,1
-1.3785e-08,0,1,1,1,1,1,1,1,1,1,1
-1.3705e-08,1,1,1,1,1,1,1,1,1,1,1
-1.3625e-08,1,1,1,1,1,1,1,1,1,1,1
-1.3545e-08,1,1,1,1,1,1,1,1,1,1,1
-1.3465e-08,0,1,1,1,1,1,1,1,1,1,1
-1.3385e-08,0,1,1,1,1,1,1,1,1,1,1
-1.3305e-08,1,1,1,1,1,1,1,1,1,1,1
-1.3225e-08,1,1,1,1,1,1,1,1,1,1,1
-1.3145e-08,1,1,1,1,1,1,1,1,1,1,1
-1.3065e-08,0,1,1,1,1,1,1,1,1,1,1
-1.2985e-08,0,1,1,1,1,1,1,1,1,1,1
-1.2905e-08,0,1,1,1,1,1,1,1,1,1,1
-1.2825e-08,1,1,1,1,1,1,1,1,1,1,1
-1.2745e-08,1,1,1,1,1,1,1,1,1,1,1
-1.2665e-08,0,1,1,1,1,1,1,1,1,1,1
-1.2585e-08,0,1,1,1,1,1,1,1,1,1,1
-1.2505e-08,0,1,1,1,1,1,1,1,1,1,1
-1.2425e-08,1,1,1,1,1,1,1,1,1,1,1
-1.2345e-08,1,1,1,1,1,1,1,1,1,1,1
-1.2265e-08,1,1,1,1,1,1,1,1,1,1,1
-1.2185e-08,0,1,1,1,1,1,1,1,1,1,1
-1.2105e-08,0,1,1,1,1,1,1,1,1,1,1
-1.2025e-08,1,1,1,1,1,1,1,1,1,1,1
-1.1945e-08,1,1,1,1,1,1,1,1,1,1,1
-1.1865e-08,1,1,1,1,1,1,1,1,1,1,1
-1.1785e-08,0,1,1,1,1,1,1,1,1,1,1
-1.1705e-08,0,1,1,1,1,1,1,1,1,1,1
-1.1625e-08,1,1,1,1,1,1,1,1,1,1,1
-1.1545e-08,1,1,1,1,1,1,1,1,1,1,1
-1.1465e-08,1,1,1,1,1,1,1,1,1,1,1
-1.1385e-08,0,1,1,1,1,1,1,1,1,1,1
-1.1305e-08,0,1,1,1,1,1,1,1,1,1,1
-1.1225e-08,0,1,1,1,1,1,1,1,1,1,1
-1.1145e-08,1,1,1,1,1,1,1,1,1,1,1
-1.1065e-08,1,1,1,1,1,1,1,1,1,1,1
-1.0985e-08,0,1,1,1,1,1,1,1,1,1,1
-1.0905e-08,0,1,1,1,1,1,1,1,1,1,1
-1.0825e-08,0,1,1,1,1,1,1,1,1,1,1
-1.0745e-08,1,1,1,1,1,1,1,1,1,1,1
-1.0665e-08,1,1,1,1,1,1,1,1,1,1,1
-1.0585e-08,1,1,1,1,1,1,1,1,1,1,1
-1.0505e-08,0,1,1,1,1,1,1,1,1,1,1
-1.0425e-08,0,1,1,1,1,1,1,1,1,1,1
-1.0345e-08,1,1,1,1,1,1,1,1,1,1,1
-1.0265e-08,1,1,1,1,1,1,1,1,1,1,1
-1.0185e-08,1,1,1,1,1,1,1,1,1,1,1
-1.0105e-08,0,1,1,1,1,1,1,1,1,1,1
-1.0025e-08,0,1,1,1,1,1,1,1,1,1,1
-9.945e-09,1,1,1,1,1,1,1,1,1,1,1
-9.865e-09,1,1,1,1,1,1,1,1,1,1,1
-9.785e-09,1,1,1,1,1,1,1,1,1,1,1
-9.705e-09,0,1,1,1,1,1,1,1,1,1,1
-9.625e-09,0,1,1,1,1,1,1,1,1,1,1
-9.545e-09,0,1,1,1,1,1,1,1,1,1,1
-9.465e-09,1,1,1,1,1,1,1,1,1,1,1
-9.385e-09,1,1,1,1,1,1,1,1,1,1,1
-9.305e-09,0,1,1,1,1,1,1,1,1,1,1
-9.225e-09,0,1,1,1,1,1,1,1,1,1,1
-9.145e-09,0,1,1,1,1,1,1,1,1,1,1
-9.065e-09,1,1,1,1,1,1,1,1,1,1,1
-8.985e-09,1,1,1,1,1,1,1,1,1,1,1
-8.905e-09,0,1,1,1,1,1,1,1,1,1,1
-8.825e-09,0,1,1,1,1,1,1,1,1,1,1
-8.745e-09,0,1,1,1,1,1,1,1,1,1,1
-8.665e-09,1,1,1,1,1,1,1,1,1,1,1
-8.585e-09,1,1,1,1,1,1,1,1,1,1,1
-8.505e-09,1,1,1,1,1,1,1,1,1,1,1
-8.425e-09,0,1,1,1,1,1,1,1,1,1,1
-8.345e-09,0,1,1,1,1,1,1,1,1,1,1
-8.265e-09,1,1,1,1,1,1,1,1,1,1,1
-8.185e-09,1,1,1,1,1,1,1,1,1,1,1
-8.105e-09,1,1,1,1,1,1,1,1,1,1,1
-8.025e-09,0,1,1,1,1,1,1,1,1,1,1
-7.945e-09,0,1,1,1,1,1,1,1,1,1,1
-7.865e-09,1,1,1,1,1,1,1,1,1,1,1
-7.785e-09,1,1,1,1,1,1,1,1,1,1,1
-7.705e-09,1,1,1,1,1,1,1,1,1,1,1
-7.625e-09,0,1,1,1,1,1,1,1,1,1,1
-7.545e-09,0,1,1,1,1,1,1,1,1,1,1
-7.465e-09,0,1,1,1,1,1,1,1,1,1,1
-7.385e-09,1,1,1,1,1,1,1,1,1,1,1
-7.305e-09,1,1,1,1,1,1,1,1,1,1,1
-7.225e-09,0,1,1,1,1,1,1,1,1,1,1
-7.145e-09,0,1,1,1,1,1,1,1,1,1,1
-7.065e-09,0,1,1,1,1,1,1,1,1,1,1
-6.985e-09,1,1,1,1,1,1,1,1,1,1,1
-6.905e-09,1,1,1,1,1,1,1,1,1,1,1
-6.825e-09,1,1,1,1,1,1,1,1,1,1,1
-6.745e-09,0,1,1,1,1,1,1,1,1,1,1
-6.665e-09,0,1,1,1,1,1,1,1,1,1,1
-6.585e-09,1,1,1,1,1,1,1,1,1,1,1
-6.505e-09,1,1,1,1,1,1,1,1,1,1,1
-6.425e-09,1,1,1,1,1,1,1,1,1,1,1
-6.345e-09,0,1,1,1,1,1,1,1,1,1,1
-6.265e-09,0,1,1,1,1,1,1,1,1,1,1
-6.185e-09,1,1,1,1,1,1,1,1,1,1,1
-6.105e-09,1,1,1,1,1,1,1,1,1,1,1
-6.025e-09,1,1,1,1,1,1,1,1,1,1,1
-5.945e-09,0,1,1,1,1,1,1,1,1,1,1
-5.865e-09,0,1,1,1,1,1,1,1,1,1,1
-5.785e-09,1,1,1,1,1,1,1,1,1,1,1
-5.705e-09,1,1,1,1,1,1,1,1,1,1,1
-5.625e-09,1,1,1,1,1,1,1,1,1,1,1
-5.545e-09,0,1,1,1,1,1,1,1,1,1,1
-5.465e-09,0,1,1,1,1,1,1,1,1,1,1
-5.385e-09,0,1,1,1,1,1,1,1,1,1,1
-5.305e-09,1,1,1,1,1,1,1,1,1,1,1
-5.225e-09,1,1,1,1,1,1,1,1,1,1,1
-5.145e-09,0,1,1,1,1,1,1,1,1,1,1
-5.065e-09,0,1,1,1,1,1,1,1,1,1,1
-4.985e-09,0,1,1,1,1,1,1,1,1,1,1
-4.905e-09,1,1,1,1,1,1,1,1,1,1,1
-4.825e-09,1,1,1,1,1,1,1,1,1,1,1
-4.745e-09,1,1,1,1,1,1,1,1,1,1,1
-4.665e-09,0,1,1,1,1,1,1,1,1,1,1
-4.585e-09,0,1,1,1,1,1,1,1,1,1,1
-4.505e-09,1,1,1,1,1,1,1,1,1,1,1
-4.425e-09,1,1,1,1,1,1,1,1,1,1,1
-4.345e-09,1,1,1,1,1,1,1,1,1,1,1
-4.265e-09,0,1,1,1,1,1,1,1,1,1,1
-4.185e-09,0,1,1,1,1,1,1,1,1,1,1
-4.105e-09,1,1,1,1,1,1,1,1,1,1,1
-4.025e-09,1,1,1,1,1,1,1,1,1,1,1
-3.945e-09,1,1,1,1,1,1,1,1,1,1,1
-3.865e-09,0,1,1,1,1,1,1,1,1,1,1
-3.785e-09,0,1,1,1,1,1,1,1,1,1,1
-3.705e-09,0,1,1,1,1,1,1,1,1,1,1
-3.625e-09,1,1,1,1,1,1,1,1,1,1,1
-3.545e-09,1,1,1,1,1,1,1,1,1,1,1
-3.465e-09,0,1,1,1,1,1,1,1,1,1,1
-3.385e-09,0,1,1,1,1,1,1,1,1,1,1
-3.305e-09,0,1,1,1,1,1,1,1,1,1,1
-3.225e-09,1,1,1,1,1,1,1,1,1,1,1
-3.145e-09,1,1,1,1,1,1,1,1,1,1,1
-3.065e-09,0,1,1,1,1,1,1,1,1,1,1
-2.985e-09,0,1,1,1,1,1,1,1,1,1,1
-2.905e-09,0,1,1,1,1,1,1,1,1,1,1
-2.825e-09,1,1,1,1,1,1,1,1,1,1,1
-2.745e-09,1,1,1,1,1,1,1,1,1,1,1
-2.665e-09,1,1,1,1,1,1,1,1,1,1,1
-2.585e-09,0,1,1,1,1,1,1,1,1,1,1
-2.505e-09,0,1,1,1,1,1,1,1,1,1,1
-2.425e-09,1,1,1,1,1,1,1,1,1,1,1
-2.345e-09,1,1,1,1,1,1,1,1,1,1,1
-2.265e-09,1,1,1,1,1,1,1,1,1,1,1
-2.185e-09,0,1,1,1,1,1,1,1,1,1,1
-2.105e-09,0,1,1,1,1,1,1,1,1,1,1
-2.025e-09,1,1,1,1,1,1,1,1,1,1,1
-1.945e-09,1,1,1,1,1,1,1,1,1,1,1
-1.865e-09,1,1,1,1,1,1,1,1,1,1,1
-1.785e-09,0,1,1,1,1,1,1,1,1,1,1
-1.705e-09,0,1,1,1,1,1,1,1,1,1,1
-1.625e-09,0,1,1,1,1,1,1,1,1,1,1
-1.545e-09,1,1,1,1,1,1,1,1,1,1,1
-1.465e-09,1,1,1,1,1,1,1,1,1,1,1
-1.385e-09,0,1,1,1,1,1,1,1,1,1,1
-1.305e-09,0,1,1,1,1,1,1,1,1,1,1
-1.225e-09,0,1,1,1,1,1,1,1,1,1,1
-1.145e-09,1,1,1,1,1,1,1,1,1,1,1
-1.065e-09,1,1,1,1,1,1,1,1,1,1,1
-9.85e-10,0,1,1,1,1,1,1,1,1,1,1
-9.05e-10,0,1,1,1,1,1,1,1,1,1,1
-8.25e-10,0,1,1,1,1,1,1,1,1,1,1
-7.45e-10,1,1,1,1,1,1,1,1,0,0,0
-6.65e-10,1,1,0,1,0,1,1,0,0,0,0
-5.85e-10,1,1,0,1,0,1,1,0,0,0,0
-5.05e-10,0,1,0,1,0,1,1,0,0,0,0
-4.25e-10,0,0,0,1,0,1,1,0,0,0,0
-3.45e-10,1,0,0,1,0,1,1,0,0,0,0
-2.65e-10,1,0,0,1,0,1,1,0,0,0,0
-1.85e-10,1,0,0,1,0,1,1,0,0,0,0
-1.05e-10,0,1,0,1,0,1,1,0,0,0,0
-2.5e-11,0,1,0,1,0,1,1,0,0,0,0
5.5e-11,1,1,1,1,0,1,1,0,0,0,1
1.35e-10,1,1,1,1,0,1,1,0,0,0,1
2.15e-10,1,1,1,0,0,1,0,0,0,0,1
2.95e-10,0,1,1,0,0,0,0,0,0,0,1
3.75e-10,0,1,1,0,0,0,0,0,0,0,1
4.55e-10,0,1,1,0,0,0,0,0,0,0,1
5.35e-10,1,1,1,0,0,0,0,0,0,0,1
6.15e-10,1,1,1,0,0,0,0,0,0,0,1
6.95e-10,0,1,1,0,0,0,0,0,0,0,1
7.75e-10,0,1,1,0,0,0,0,0,0,0,1
8.55e-10,0,1,1,0,0,0,0,0,0,0,1
9.35e-10,1,1,1,1,1,0,1,0,1,0,1
1.015e-09,1,1,1,1,1,1,1,1,1,1,1
1.095e-09,1,1,1,1,1,1,1,1,1,1,1
1.175e-09,0,1,1,1,1,1,1,1,1,1,1
1.255e-09,0,1,1,1,1,1,1,1,1,1,1
1.335e-09,1,1,1,1,1,1,1,1,1,1,1
1.415e-09,1,1,1,1,1,1,1,1,1,1,1
1.495e-09,1,1,1,1,1,1,1,1,1,1,1
1.575e-09,0,1,1,1,1,1,1,1,1,1,1
1.655e-09,0,1,1,1,1,1,1,1,1,1,1
1.735e-09,1,1,1,1,1,1,1,1,1,1,1
1.815e-09,1,1,1,1,1,1,1,1,1,1,1
1.895e-09,1,1,1,1,1,1,1,1,1,1,1
1.975e-09,0,1,1,1,1,1,1,1,1,1,1
2.055e-09,0,1,1,1,1,1,1,1,1,1,1
2.135e-09,1,1,1,1,1,1,1,1,1,1,1
2.215e-09,1,1,1,1,1,1,1,1,1,1,1
2.295e-09,1,1,1,1,1,1,1,1,1,1,1
2.375e-09,0,1,1,1,1,1,1,1,1,1,1
2.455e-09,0,1,1,1,1,1,1,1,1,1,1
2.535e-09,0,1,1,1,1,1,1,1,1,0,1
2.615e-09,1,1,1,1,1,1,1,1,0,0,1
2.695e-09,1,1,0,1,0,1,1,1,0,0,0
2.775e-09,0,1,0,1,0,1,1,1,0,0,0
2.855e-09,0,0,0,1,0,1,1,1,0,0,0
2.935e-09,0,0,0,1,0,1,1,1,0,0,0
3.015e-09,1,0,0,1,0,1,1,1,0,0,0
3.095e-09,1,0,0,1,0,1,1,1,0,0,0
3.175e-09,1,1,0,1,0,1,1,1,0,0,0
3.255e-09,0,1,0,1,0,1,1,1,0,0,0
3.335e-09,0,1,0,1,0,1,1,1,0,0,0
3.415e-09,1,1,1,1,0,1,1,1,0,0,1
3.495e-09,1,1,1,1,0,1,1,1,0,0,1
3.575e-09,1,1,1,0,0,1,0,0,0,0,1
3.655e-09,0,1,1,0,0,0,0,0,0,0,1
3.735e-09,0,1,1,0,0,0,0,0,0,0,1
3.815e-09,1,1,1,0,0,0,0,0,0,0,1
3.895e-09,1,1,1,0,0,0,0,0,0,0,1
3.975e-09,1,1,1,0,0,0,0,0,0,0,1
4.055e-09,0,1,1,0,0,0,0,0,0,0,1
4.135e-09,0,1,1,0,0,0,0,0,0,0,1
4.215e-09,1,1,1,0,1,0,1,0,1,0,1
4.295e-09,1,1,1,1,1,1,1,1,1,1,1
4.375e-09,1,1,1,1,1,1,1,1,1,1,1
4.455e-09,0,1,1,1,1,1,1,1,1,1,1
4.535e-09,0,1,1,1,1,1,1,1,1,1,1
4.615e-09,0,1,1,1,1,1,1,1,1,1,1
4.695e-09,1,1,1,1,1,1,1,1,1,1,1
4.775e-09,1,1,1,1,1,1,1,1,1,1,1
4.855e-09,0,1,1,1,1,1,1,1,1,1,1
4.935e-09,0,1,1,1,1,1,1,1,1,1,1
5.015e-09,0,1,1,1,1,1,1,1,1,1,1
5.095e-09,1,1,1,1,1,1,1,1,1,1,1
5.175e-09,1,1,1,1,1,1,1,1,1,1,1
5.255e-09,1,1,1,1,1,1,1,1,1,1,1
5.335e-09,0,1,1,1,1,1,1,1,1,1,1
5.415e-09,0,1,1,1,1,1,1,1,1,1,1
5.495e-09,1,1,1,1,1,1,1,1,1,1,1
5.575e-09,1,1,1,1,1,1,1,1,1,1,1
5.655e-09,1,1,1,1,1,1,1,1,1,1,1
5.735e-09,0,1,1,1,1,1,1,1,1,1,1
5.815e-09,0,1,1,1,1,1,1,1,1,1,1
5.895e-09,1,1,1,1,1,1,1,1,1,1,1
5.975e-09,1,1,1,1,1,1,1,1,1,1,1
6.055e-09,1,1,1,1,1,1,1,1,1,1,1
6.135e-09,0,1,1,1,1,1,1,1,1,1,1
6.215e-09,0,1,1,1,1,1,1,1,1,1,1
6.295e-09,1,1,1,1,1,1,1,1,1,1,1
6.375e-09,1,1,1,1,1,1,1,1,1,1,1
6.455e-09,1,1,1,1,1,1,1,1,1,1,1
6.535e-09,0,1,1,1,1,1,1,1,1,1,1
6.615e-09,0,1,1,1,1,1,1,1,1,1,1
6.695e-09,0,1,1,1,1,1,1,1,1,1,1
6.775e-09,1,1,1,1,1,1,1,1,1,1,1
6.855e-09,1,1,1,1,1,1,1,1,1,1,1
6.935e-09,0,1,1,1,1,1,1,1,1,1,1
7.015e-09,0,1,1,1,1,1,1,1,1,1,1
7.095e-09,0,1,1,1,1,1,1,1,1,1,1
7.175e-09,1,1,1,1,1,1,1,1,1,1,1
7.255e-09,1,1,1,1,1,1,1,1,1,1,1
7.335e-09,1,1,1,1,1,1,1,1,1,1,1
7.415e-09,0,1,1,1,1,1,1,1,1,1,1
7.495e-09,0,1,1,1,1,1,1,1,1,1,1
7.575e-09,1,1,1,1,1,1,1,1,1,1,1
7.655e-09,1,1,1,1,1,1,1,1,1,1,1
7.735e-09,1,1,1,1,1,1,1,1,1,1,1
7.815e-09,0,1,1,1,1,1,1,1,1,1,1
7.895e-09,0,1,1,1,1,1,1,1,1,1,1
7.975e-09,1,1,1,1,1,1,1,1,1,1,1
8.055e-09,1,1,1,1,1,1,1,1,1,1,1
8.135e-09,1,1,1,1,1,1,1,1,1,1,1
8.215e-09,0,1,1,1,1,1,1,1,1,1,1
8.295e-09,0,1,1,1,1,1,1,1,1,1,1
8.375e-09,1,1,1,1,1,1,1,1,1,1,1
8.455e-09,1,1,1,1,1,1,1,1,1,1,1
8.535e-09,1,1,1,1,1,1,1,1,1,1,1
8.615e-09,0,1,1,1,1,1,1,1,1,1,1
8.695e-09,0,1,1,1,1,1,1,1,1,1,1
8.775e-09,0,1,1,1,1,1,1,1,1,1,1
8.855e-09,1,1,1,1,1,1,1,1,1,1,1
8.935e-09,1,1,1,1,1,1,1,1,1,1,1
9.015e-09,0,1,1,1,1,1,1,1,1,1,1
9.095e-09,0,1,1,1,1,1,1,1,1,1,1
9.175e-09,0,1,1,1,1,1,1,1,1,1,1
9.255e-09,1,1,1,1,1,1,1,1,1,1,1
9.335e-09,1,1,1,1,1,1,1,1,1,1,1
9.415e-09,0,1,1,1,1,1,1,1,1,1,1
9.495e-09,0,1,1,1,1,1,1,1,1,1,1
9.575e-09,0,1,1,1,1,1,1,1,1,1,1
9.655e-09,1,1,1,1,1,1,1,1,1,1,1
9.735e-09,1,1,1,1,1,1,1,1,1,1,1
9.815e-09,1,1,1,1,1,1,1,1,1,1,1
9.895e-09,0,1,1,1,1,1,1,1,1,1,1
9.975e-09,0,1,1,1,1,1,1,1,1,1,1
1.0055e-08,1,1,1,1,1,1,1,1,1,1,1
1.0135e-08,1,1,1,1,1,1,1,1,1,1,1
1.0215e-08,1,1,1,1,1,1,1,1,1,1,1
1.0295e-08,0,1,1,1,1,1,1,1,1,1,1
1.0375e-08,0,1,1,1,1,1,1,1,1,1,1
1.0455e-08,1,1,1,1,1,1,1,1,1,1,1
1.0535e-08,1,1,1,1,1,1,1,1,1,1,1
1.0615e-08,1,1,1,1,1,1,1,1,1,1,1
1.0695e-08,0,1,1,1,1,1,1,1,1,1,1
1.0775e-08,0,1,1,1,1,1,1,1,1,1,1
1.0855e-08,0,1,1,1,1,1,1,1,1,1,1
1.0935e-08,1,1,1,1,1,1,1,1,1,1,1
1.1015e-08,1,1,1,1,1,1,1,1,1,1,1
1.1095e-08,0,1,1,1,1,1,1,1,1,1,1
1.1175e-08,0,1,1,1,1,1,1,1,1,1,1
1.1255e-08,0,1,1,1,1,1,1,1,1,1,1
1.1335e-08,1,1,1,1,1,1,1,1,1,1,1
1.1415e-08,1,1,1,1,1,1,1,1,1,1,1
1.1495e-08,1,1,1,1,1,1,1,1,1,1,1
1.1575e-08,0,1,1,1,1,1,1,1,1,1,1
1.1655e-08,0,1,1,1,1,1,1,1,1,1,1
1.1735e-08,1,1,1,1,1,1,1,1,1,1,1
1.1815e-08,1,1,1,1,1,1,1,1,1,1,1
1.1895e-08,1,1,1,1,1,1,1,1,1,1,1
1.1975e-08,0,1,1,1,1,1,1,1,1,1,1
1.2055e-08,0,1,1,1,1,1,1,1,1,1,1
1.2135e-08,1,1,1,1,1,1,1,1,1,1,1
1.2215e-08,1,1,1,1,1,1,1,1,1,1,1
1.2295e-08,1,1,1,1,1,1,1,1,1,1,1
1.2375e-08,0,1,1,1,1,1,1,1,1,1,1
1.2455e-08,0,1,1,1,1,1,1,1,1,1,1
1.2535e-08,1,1,1,1,1,1,1,1,1,1,1
1.2615e-08,1,1,1,1,1,1,1,1,1,1,1
1.2695e-08,1,1,1,1,1,1,1,1,1,1,1
1.2775e-08,0,1,1,1,1,1,1,1,1,1,1
1.2855e-08,0,1,1,1,1,1,1,1,1,1,1
1.2935e-08,0,1,1,1,1,1,1,1,1,1,1
1.3015e-08,1,1,1,1,1,1,1,1,1,1,1
1.3095e-08,1,1,1,1,1,1,1,1,1,1,1
1.3175e-08,0,1,1,1,1,1,1,1,1,1,1
1.3255e-08,0,1,1,1,1,1,1,1,1,1,1
1.3335e-08,0,1,1,1,1,1,1,1,1,1,1
1.3415e-08,1,1,1,1,1,1,1,1,1,1,1
1.3495e-08,1,1,1,1,1,1,1,1,1,1,1
1.3575e-08,1,1,1,1,1,1,1,1,1,1,1
1.3655e-08,0,1,1,1,1,1,1,1,1,1,1
1.3735e-08,0,1,1,1,1,1,1,1,1,1,1
1.3815e-08,1,1,1,1,1,1,1,1,1,1,1
1.3895e-08,1,1,1,1,1,1,1,1,1,1,1
1.3975e-08,1,1,1,1,1,1,1,1,1,1,1
1.4055e-08,0,1,1,1,1,1,1,1,1,1,1
1.4135e-08,0,1,1,1,1,1,1,1,1,1,1
1.4215e-08,1,1,1,1,1,1,1,1,1,1,1
1.4295e-08,1,1,1,1,1,1,1,1,1,1,1
1.4375e-08,1,1,1,1,1,1,1,1,1,1,1
1.4455e-08,0,1,1,1,1,1,1,1,1,1,1
1.4535e-08,0,1,1,1,1,1,1,1,1,1,1
1.4615e-08,0,1,1,1,1,1,1,1,1,1,1
1.4695e-08,1,1,1,1,1,1,1,1,1,1,1
1.4775e-08,1,1,1,1,1,1,1,1,1,1,1
1.4855e-08,0,1,1,1,1,1,1,1,1,1,1
1.4935e-08,0,1,1,1,1,1,1,1,1,1,1
1.5015e-08,0,1,1,1,1,1,1,1,1,1,1
1.5095e-08,1,1,1,1,1,1,1,1,1,1,1
1.5175e-08,1,1,1,1,1,1,1,1,1,1,1
1.5255e-08,0,1,1,1,1,1,1,1,1,1,1
1.5335e-08,0,1,1,1,1,1,1,1,1,1,1
1.5415e-08,0,1,1,1,1,1,1,1,1,1,1
1.5495e-08,1,1,1,1,1,1,1,1,1,1,1
1.5575e-08,1,1,1,1,1,1,1,1,1,1,1
1.5655e-08,1,1,1,1,1,1,1,1,1,1,1
1.5735e-08,0,1,1,1,1,1,1,1,1,1,1
1.5815e-08,0,1,1,1,1,1,1,1,1,1,1
1.5895e-08,1,1,1,1,1,1,1,1,1,1,1
1.5975e-08,1,1,1,1,1,1,1,1,1,1,1
1.6055e-08,1,1,1,1,1,1,1,1,1,1,1
1.6135e-08,0,1,1,1,1,1,1,1,1,1,1
1.6215e-08,0,1,1,1,1,1,1,1,1,1,1
1.6295e-08,1,1,1,1,1,1,1,1,1,1,1
1.6375e-08,1,1,1,1,1,1,1,1,1,1,1
1.6455e-08,1,1,1,1,1,1,1,1,1,1,1
1.6535e-08,0,1,1,1,1,1,1,1,1,1,1
1.6615e-08,0,1,1,1,1,1,1,1,1,1,1
1.6695e-08,0,1,1,1,1,1,1,1,1,1,1
1.6775e-08,1,1,1,1,1,1,1,1,1,1,1
1.6855e-08,1,1,1,1,1,1,1,1,1,1,1
1.6935e-08,0,1,1,0,1,1,1,1,1,1,1
1.7015e-08,0,0,1,0,1,1,1,1,1,1,1
1.7095e-08,0,0,1,0,1,1,1,1,1,1,1
1.7175e-08,1,0,1,0,1,1,1,1,1,1,1
1.7255e-08,1,0,1,0,1,1,1,1,1,1,1
1.7335e-08,0,1,1,0,1,1,1,1,1,1,1
1.7415e-08,0,1,1,0,1,1,1,1,1,1,1
1.7495e-08,0,1,1,0,1,1,1,1,1,1,1
1.7575e-08,1,1,1,1,1,1,1,1,1,1,1
1.7655e-08,1,1,1,1,1,1,1,1,1,1,1
1.7735e-08,1,1,1,1,1,1,1,1,1,1,1
1.7815e-08,0,1,1,1,1,1,1,1,1,1,1
1.7895e-08,0,1,1,1,1,1,1,1,1,1,1
1.7975e-08,1,1,1,1,1,1,1,1,1,1,1
1.8055e-08,1,1,1,1,1,1,1,1,1,1,1
1.8135e-08,1,1,1,1,1,1,1,1,1,1,1
1.8215e-08,0,1,1,1,1,1,1,1,1,1,1
1.8295e-08,0,1,1,1,1,1,1,1,1,1,1
1.8375e-08,1,1,1,1,1,1,1,1,1,1,1
1.8455e-08,1,1,1,1,1,1,1,1,1,1,1
1.8535e-08,1,1,1,1,1,1,1,1,1,1,1
1.8615e-08,0,1,1,1,1,1,1,1,1,1,1
1.8695e-08,0,1,1,1,1,1,1,1,1,1,1
1.8775e-08,0,1,1,1,1,1,1,1,1,1,1
1.8855e-08,1,1,1,1,1,1,1,1,1,1,1
1.8935e-08,1,1,1,1,1,1,1,1,1,1,1
1.9015e-08,0,1,1,1,1,1,1,1,1,1,1
1.9095e-08,0,1,1,1,1,1,1,1,1,1,1
1.9175e-08,0,1,1,1,1,1,1,1,1,1,1
1.9255e-08,1,1,1,1,1,1,1,1,0,1,0
1.9335e-08,1,1,0,1,1,1,1,0,0,1,0
1.9415e-08,0,1,0,1,1,1,1,0,0,1,0
1.9495e-08,0,1,0,1,1,1,1,0,0,1,0
1.9575e-08,0,0,0,1,1,1,1,0,0,1,0
1.9655e-08,1,0,0,1,1,1,1,0,0,1,0
1.9735e-08,1,0,0,1,1,1,1,0,0,1,0
1.9815e-08,1,0,0,1,1,1,1,0,0,1,0
1.9895e-08,0,1,0,1,1,1,1,0,0,1,0
1.9975e-08,0,1,0,1,1,1,1,0,0,1,0
2.0055e-08,1,1,0,1,1,1,1,0,1,0,1
2.0135e-08,1,1,0,0,0,1,1,0,1,0,1
2.0215e-08,1,1,0,0,0,1,0,0,1,0,1
2.0295e-08,0,1,0,0,0,1,0,0,1,0,1
2.0375e-08,0,1,0,0,0,1,0,0,1,0,1
2.0455e-08,0,1,0,0,0,1,0,0,1,0,1
2.0535e-08,1,1,0,0,0,1,0,0,1,0,1
2.0615e-08,1,1,0,0,0,1,0,0,1,0,1
2.0695e-08,0,1,0,0,0,1,0,0,1,0,1
2.0775e-08,0,1,0,0,0,1,0,0,1,0,1
2.0855e-08,0,1,0,0,1,1,1,0,1,0,1
2.0935e-08,1,1,1,1,1,1,1,1,1,0,1
2.1015e-08,1,1,1,1,1,1,1,1,1,1,1
2.1095e-08,0,1,1,1,1,1,1,1,1,1,1
2.1175e-08,0,1,1,1,1,1,1,1,1,1,1
2.1255e-08,0,1,1,1,1,1,1,1,1,1,1
2.1335e-08,1,1,1,1,1,1,1,1,1,1,1
2.1415e-08,1,1,1,1,1,1,1,1,1,1,1
2.1495e-08,1,1,1,1,1,1,1,1,1,1,1
2.1575e-08,0,1,1,1,1,1,1,1,1,1,1
2.1655e-08,0,1,1,1,1,1,1,1,1,1,1
2.1735e-08,1,1,1,1,1,1,1,1,1,1,1
2.1815e-08,1,1,1,1,1,1,1,1,1,1,1
2.1895e-08,1,1,1,1,1,1,1,1,1,1,1
2.1975e-08,0,1,1,1,1,1,1,1,1,1,1
2.2055e-08,0,1,1,1,1,1,1,1,1,1,1
2.2135e-08,1,1,1,1,1,1,1,1,1,1,1
2.2215e-08,1,1,1,1,1,1,1,1,1,1,1
2.2295e-08,1,1,1,1,1,1,1,1,1,1,1
2.2375e-08,0,1,1,1,1,1,1,1,1,1,1
2.2455e-08,0,1,1,1,1,1,1,1,1,1,1
2.2535e-08,0,1,1,1,1,1,1,1,1,1,1
2.2615e-08,1,1,1,1,1,1,1,1,0,1,1
2.2695e-08,1,1,0,1,1,1,1,1,0,1,0
2.2775e-08,0,1,0,1,1,1,1,1,0,1,0
2.2855e-08,0,0,0,1,1,1,1,1,0,1,0
2.2935e-08,0,0,0,1,1,1,1,1,0,1,0
2.3015e-08,1,0,0,1,1,1,1,1,0,1,0
2.3095e-08,1,0,0,1,1,1,1,1,0,1,0
2.3175e-08,1,1,0,1,1,1,1,1,0,1,0
2.3255e-08,0,1,0,1,1,1,1,1,0,1,0
2.3335e-08,0,1,0,1,1,1,1,1,0,1,0
2.3415e-08,1,1,0,1,1,1,1,1,1,0,1
2.3495e-08,1,1,0,0,0,1,1,1,1,0,1
2.3575e-08,1,1,0,0,0,1,0,0,1,0,1
2.3655e-08,0,1,0,0,0,1,0,0,1,0,1
2.3735e-08,0,1,0,0,0,1,0,0,1,0,1
2.3815e-08,1,1,0,0,0,1,0,0,1,0,1
2.3895e-08,1,1,0,0,0,1,0,0,1,0,1
2.3975e-08,1,1,0,0,0,1,0,0,1,0,1
2.4055e-08,0,1,0,0,0,1,0,0,1,0,1
2.4135e-08,0,1,0,0,0,1,0,0,1,0,1
2.4215e-08,0,1,0,0,1,1,1,0,1,0,1
2.4295e-08,1,1,1,1,1,1,1,1,1,1,1
2.4375e-08,1,1,1,1,1,1,1,1,1,1,1
2.4455e-08,0,1,1,1,1,1,1,1,1,1,1
2.4535e-08,0,1,1,1,1,1,1,1,1,1,1
2.4615e-08,0,1,1,1,1,1,1,1,1,1,1
2.4695e-08,1,1,1,1,1,1,1,1,1,1,1
2.4775e-08,1,1,1,1,1,1,1,1,1,1,1
2.4855e-08,1,1,1,1,1,1,1,1,1,1,1
2.4935e-08,0,1,1,1,1,1,1,1,1,1,1
2.5015e-08,0,1,1,1,1,1,1,1,1,1,1
2.5095e-08,1,1,1,1,1,1,1,1,1,1,1
2.5175e-08,1,1,1,1,1,1,1,1,1,1,1
2.5255e-08,1,1,1,1,1,1,1,1,1,1,1
2.5335e-08,0,1,1,1,1,1,1,1,1,1,1
2.5415e-08,0,1,1,1,1,1,1,1,1,1,1
2.5495e-08,1,1,1,1,1,1,1,1,1,1,1
2.5575e-08,1,1,1,1,1,1,1,1,1,1,1
2.5655e-08,1,1,1,1,1,1,1,1,1,1,1
2.5735e-08,0,1,1,1,1,1,1,1,1,1,1
2.5815e-08,0,1,1,1,1,1,1,1,1,1,1
2.5895e-08,0,1,1,1,1,1,1,1,1,1,1
2.5975e-08,1,1,1,1,1,1,1,1,0,1,0
2.6055e-08,1,1,0,1,1,1,1,0,0,1,0
2.6135e-08,0,1,0,1,1,1,1,0,0,1,0
2.6215e-08,0,0,0,1,1,1,1,0,0,1,0
2.6295e-08,0,0,0,1,1,1,1,0,0,1,0
2.6375e-08,1,0,0,1,1,1,1,0,0,1,0
2.6455e-08,1,0,0,1,1,1,1,0,0,1,0
2.6535e-08,0,1,0,1,1,1,1,0,0,1,0
2.6615e-08,0,1,0,1,1,1,1,0,0,1,0
2.6695e-08,0,1,0,1,1,1,1,0,0,1,0
2.6775e-08,1,1,0,1,0,1,1,0,1,0,1
2.6855e-08,1,1,0,0,0,1,1,0,1,0,1
2.6935e-08,1,1,0,0,0,1,0,0,1,0,1
2.7015e-08,0,1,0,0,0,1,0,0,1,0,1
2.7095e-08,0,1,0,0,0,1,0,0,1,0,1
2.7175e-08,1,1,0,0,0,1,0,0,1,0,1
2.7255e-08,1,1,0,0,0,1,0,0,1,0,1
2.7335e-08,1,1,0,0,0,1,0,0,1,0,1
2.7415e-08,0,1,0,0,0,1,0,0,1,0,1
2.7495e-08,0,1,0,0,0,1,0,0,1,0,1
2.7575e-08,1,1,0,0,1,1,1,0,1,0,1
2.7655e-08,1,1,1,1,1,1,1,1,1,1,1
2.7735e-08,1,1,1,1,1,1,1,1,1,1,1
2.7815e-08,0,1,1,1,1,1,1,1,1,1,1
2.7895e-08,0,1,1,1,1,1,1,1,1,1,1
2.7975e-08,0,1,1,1,1,1,1,1,1,1,1
2.8055e-08,1,1,1,1,1,1,1,1,1,1,1
2.8135e-08,1,1,1,1,1,1,1,1,1,1,1
2.8215e-08,0,1,1,1,1,1,1,1,1,1,1
2.8295e-08,0,1,1,1,1,1,1,1,1,1,1
2.8375e-08,0,1,1,1,1,1,1,1,1,1,1
2.8455e-08,1,1,1,1,1,1,1,1,1,1,1
2.8535e-08,1,1,1,1,1,1,1,1,1,1,1
2.8615e-08,1,1,1,1,1,1,1,1,1,1,1
2.8695e-08,0,1,1,1,1,1,1,1,1,1,1
2.8775e-08,0,1,1,1,1,1,1,1,1,1,1
2.8855e-08,1,1,1,1,1,1,1,1,1,1,1
2.8935e-08,1,1,1,1,1,1,1,1,1,1,1
2.9015e-08,1,1,1,1,1,1,1,1,1,1,1
2.9095e-08,0,1,1,1,1,1,1,1,1,1,1
2.9175e-08,0,1,1,1,1,1,1,1,1,1,1
2.9255e-08,1,1,1,1,1,1,1,1,1,1,1
2.9335e-08,1,1,1,1,1,1,1,1,0,1,0
2.9415e-08,1,1,0,1,1,1,1,1,0,1,0
2.9495e-08,0,1,0,1,1,1,1,1,0,1,0
2.9575e-08,0,0,0,1,1,1,1,1,0,1,0
2.9655e-08,0,0,0,1,1,1,1,1,0,1,0
2.9735e-08,1,0,0,1,1,1,1,1,0,1,0
2.9815e-08,1,0,0,1,1,1,1,1,0,1,0
2.9895e-08,0,1,0,1,1,1,1,1,0,1,0
2.9975e-08,0,1,0,1,1,1,1,1,0,1,0
3.0055e-08,0,1,0,1,1,1,1,1,0,1,0
3.0135e-08,1,1,0,1,0,1,1,1,1,0,1
3.0215e-08,1,1,0,0,0,1,0,0,1,0,1
3.0295e-08,0,1,0,0,0,1,0,0,1,0,1
3.0375e-08,0,1,0,0,0,1,0,0,1,0,1
3.0455e-08,0,1,0,0,0,1,0,0,1,0,1
3.0535e-08,1,1,0,0,0,1,0,0,1,0,1
3.0615e-08,1,1,0,0,0,1,0,0,1,0,1
3.0695e-08,1,1,0,0,0,1,0,0,1,0,1
3.0775e-08,0,1,0,0,0,1,0,0,1,0,1
3.0855e-08,0,1,0,0,0,1,0,0,1,0,1
3.0935e-08,1,1,0,1,1,1,1,0,1,0,1
3.1015e-08,1,1,1,1,1,1,1,1,1,1,1
3.1095e-08,1,1,1,1,1,1,1,1,1,1,1
3.1175e-08,0,1,1,1,1,1,1,1,1,1,1
3.1255e-08,0,1,1,1,1,1,1,1,1,1,1
3.1335e-08,0,1,1,1,1,1,1,1,1,1,1
3.1415e-08,1,1,1,1,1,1,1,1,1,1,1
3.1495e-08,1,1,1,1,1,1,1,1,1,1,1
3.1575e-08,0,1,1,1,1,1,1,1,1,1,1
3.1655e-08,0,1,1,1,1,1,1,1,1,1,1
3.1735e-08,0,1,1,1,1,1,1,1,1,1,1
3.1815e-08,1,1,1,1,1,1,1,1,1,1,1
3.1895e-08,1,1,1,1,1,1,1,1,1,1,1
3.1975e-08,0,1,1,1,1,1,1,1,1,1,1
3.2055e-08,0,1,1,1,1,1,1,1,1,1,1
3.2135e-08,0,1,1,1,1,1,1,1,1,1,1
3.2215e-08,1,1,1,1,1,1,1,1,1,1,1
3.2295e-08,1,1,1,1,1,1,1,1,1,1,1
3.2375e-08,1,1,1,1,1,1,1,1,1,1,1
3.2455e-08,0,1,1,1,1,1,1,1,1,1,1
3.2535e-08,0,1,1,1,1,1,1,1,1,1,1
3.2615e-08,1,1,1,1,1,1,1,1,1,1,1
3.2695e-08,1,1,0,1,1,1,1,0,0,1,0
3.2775e-08,1,1,0,1,1,1,1,0,0,1,0
3.2855e-08,0,1,0,1,1,1,1,0,0,1,0
3.2935e-08,0,0,0,1,1,1,1,0,0,1,0
3.3015e-08,0,0,0,1,1,1,1,0,0,1,0
3.3095e-08,1,0,0,1,1,1,1,0,0,1,0
3.3175e-08,1,0,0,1,1,1,1,0,0,1,0
3.3255e-08,0,1,0,1,1,1,1,0,0,1,0
3.3335e-08,0,1,0,1,1,1,1,0,0,1,0
3.3415e-08,0,1,0,1,1,1,1,0,0,1,1
3.3495e-08,1,1,0,1,0,1,1,0,1,0,1
3.3575e-08,1,1,0,1,0,1,0,0,1,0,1
3.3655e-08,0,1,0,1,0,1,0,0,1,0,1
3.3735e-08,0,1,0,1,0,1,0,0,1,0,1
3.3815e-08,0,1,0,1,0,1,0,0,1,0,1
3.3895e-08,1,1,0,1,0,1,0,0,1,0,1
3.3975e-08,1,1,0,1,0,1,0,0,1,0,1
3.4055e-08,1,1,0,1,0,1,0,0,1,0,1
3.4135e-08,0,1,0,1,0,1,0,0,1,0,1
3.4215e-08,0,1,0,1,0,1,0,0,1,0,1
3.4295e-08,1,1,0,1,1,1,1,0,1,0,1
3.4375e-08,1,1,1,1,1,1,1,1,1,1,1
3.4455e-08,1,1,1,1,1,1,1,1,1,1,1
3.4535e-08,0,1,1,1,1,1,1,1,1,1,1
3.4615e-08,0,1,1,1,1,1,1,1,1,1,1
3.4695e-08,1,1,1,1,1,1,1,1,1,1,1
3.4775e-08,1,1,1,1,1,1,1,1,1,1,1
3.4855e-08,1,1,1,1,1,1,1,1,1,1,1
3.4935e-08,0,1,1,1,1,1,1,1,1,1,1
3.5015e-08,0,1,1,1,1,1,1,1,1,1,1
3.5095e-08,0,1,1,1,1,1,1,1,1,1,1
3.5175e-08,1,1,1,1,1,1,1,1,1,1,1
3.5255e-08,1,1,1,1,1,1,1,1,1,1,1
3.5335e-08,0,1,1,1,1,1,1,1,1,1,1
3.5415e-08,0,1,1,1,1,1,1,1,1,1,1
3.5495e-08,0,1,1,1,1,1,1,1,1,1,1
3.5575e-08,1,1,1,1,1,1,1,1,1,1,1
3.5655e-08,1,1,1,1,1,1,1,1,1,1,1
3.5735e-08,1,1,1,1,1,1,1,1,1,1,1
3.5815e-08,0,1,1,1,1,1,1,1,1,1,1
3.5895e-08,0,1,1,1,1,1,1,1,1,1,1
3.5975e-08,1,1,1,1,1,1,1,1,1,1,1
3.6055e-08,1,1,0,1,1,1,1,1,0,1,0
3.6135e-08,1,1,0,1,1,1,1,1,0,1,0
3.6215e-08,0,1,0,1,1,1,1,1,0,1,0
3.6295e-08,0,0,0,1,1,1,1,1,0,1,0
3.6375e-08,1,0,0,1,1,1,1,1,0,1,0
3.6455e-08,1,0,0,1,1,1,1,1,0,1,0
3.6535e-08,1,0,0,1,1,1,1,1,0,1,0
3.6615e-08,0,1,0,1,1,1,1,1,0,1,0
3.6695e-08,0,1,0,1,1,1,1,1,0,1,0
3.6775e-08,0,1,0,1,1,1,1,1,1,0,1
3.6855e-08,1,1,0,1,0,1,1,1,1,0,1
3.6935e-08,1,1,0,1,0,1,0,0,1,0,1
3.7015e-08,0,1,0,1,0,1,0,0,1,0,1
3.7095e-08,0,1,0,1,0,1,0,0,1,0,1
3.7175e-08,0,1,0,1,0,1,0,0,1,0,1
3.7255e-08,1,1,0,1,0,1,0,0,1,0,1
3.7335e-08,1,1,0,1,0,1,0,0,1,0,1
3.7415e-08,1,1,0,1,0,1,0,0,1,0,1
3.7495e-08,0,1,0,1,0,1,0,0,1,0,1
3.7575e-08,0,1,0,1,0,1,0,0,1,0,1
3.7655e-08,1,1,1,1,1,1,1,0,1,0,1
3.7735e-08,1,1,1,1,1,1,1,1,1,1,1
3.7815e-08,1,1,1,1,1,1,1,1,1,1,1
3.7895e-08,0,1,1,1,1,1,1,1,1,1,1
3.7975e-08,0,1,1,1,1,1,1,1,1,1,1
3.8055e-08,1,1,1,1,1,1,1,1,1,1,1
3.8135e-08,1,1,1,1,1,1,1,1,1,1,1
3.8215e-08,1,1,1,1,1,1,1,1,1,1,1
3.8295e-08,0,1,1,1,1,1,1,1,1,1,1
3.8375e-08,0,1,1,1,1,1,1,1,1,1,1
3.8455e-08,0,1,1,1,1,1,1,1,1,1,1
3.8535e-08,1,1,1,1,1,1,1,1,1,1,1
3.8615e-08,1,1,1,1,1,1,1,1,1,1,1
3.8695e-08,0,1,1,1,1,1,1,1,1,1,1
3.8775e-08,0,1,1,1,1,1,1,1,1,1,1
3.8855e-08,0,1,1,1,1,1,1,1,1,1,1
3.8935e-08,1,1,1,1,1,1,1,1,1,1,1
3.9015e-08,1,1,1,1,1,1,1,1,1,1,1
3.9095e-08,0,1,1,1,1,1,1,1,1,1,1
3.9175e-08,0,1,1,1,1,1,1,1,1,1,1
3.9255e-08,0,1,1,1,1,1,1,1,1,1,1
3.9335e-08,1,1,1,1,1,1,1,1,1,1,1
3.9415e-08,1,1,0,1,1,1,1,0,0,1,0
3.9495e-08,1,1,0,1,1,1,1,0,0,1,0
3.9575e-08,0,1,0,1,1,1,1,0,0,1,0
3.9655e-08,0,0,0,1,1,1,1,0,0,1,0
3.9735e-08,1,0,0,1,1,1,1,0,0,1,0
3.9815e-08,1,0,0,1,1,1,1,0,0,1,0
3.9895e-08,1,0,0,1,1,1,1,0,0,1,0
3.9975e-08,0,1,0,1,1,1,1,0,0,1,0
4.0055e-08,0,1,0,1,1,1,1,0,0,1,0
4.0135e-08,0,1,0,1,1,1,1,0,1,0,1
4.0215e-08,1,1,0,1,0,1,1,0,1,0,1
4.0295e-08,1,1,0,1,0,1,0,0,1,0,1
4.0375e-08,0,1,0,1,0,1,0,0,1,0,1
4.0455e-08,0,1,0,1,0,1,0,0,1,0,1
4.0535e-08,0,1,0,1,0,1,0,0,1,0,1
4.0615e-08,1,1,0,1,0,1,0,0,1,0,1
4.0695e-08,1,1,0,1,0,1,0,0,1,0,1
4.0775e-08,1,1,0,1,0,1,0,0,1,0,1
4.0855e-08,0,1,0,1,0,1,0,0,1,0,1
4.0935e-08,0,1,0,1,0,1,0,0,1,0,1
4.1015e-08,1,1,0,1,1,1,1,0,1,0,1
4.1095e-08,1,1,1,1,1,1,1,1,1,1,1
4.1175e-08,1,1,1,1,1,1,1,1,1,1,1
4.1255e-08,0,1,1,1,1,1,1,1,1,1,1
4.1335e-08,0,1,1,1,1,1,1,1,1,1,1
4.1415e-08,1,1,1,1,1,1,1,1,1,1,1
4.1495e-08,1,1,1,1,1,1,1,1,1,1,1
4.1575e-08,1,1,1,1,1,1,1,1,1,1,1
4.1655e-08,0,1,1,1,1,1,1,1,1,1,1
4.1735e-08,0,1,1,1,1,1,1,1,1,1,1
4.1815e-08,0,1,1,1,1,1,1,1,1,1,1
4.1895e-08,1,1,1,1,1,1,1,1,1,1,1
4.1975e-08,1,1,1,1,1,1,1,1,1,1,1
4.2055e-08,0,1,1,1,1,1,1,1,1,1,1
4.2135e-08,0,1,1,1,1,1,1,1,1,1,1
4.2215e-08,0,1,1,1,1,1,1,1,1,1,1
4.2295e-08,1,1,1,1,1,1,1,1,1,1,1
4.2375e-08,1,1,1,1,1,1,1,1,1,1,1
4.2455e-08,0,1,1,1,1,1,1,1,1,1,1
4.2535e-08,0,1,1,1,1,1,1,1,1,1,1
4.2615e-08,0,1,1,1,1,1,1,1,1,1,1
4.2695e-08,1,1,1,1,1,1,1,1,1,1,1
4.2775e-08,1,1,0,1,1,1,1,1,0,1,0
4.2855e-08,1,1,0,1,1,1,1,1,0,1,0
4.2935e-08,0,1,0,1,1,1,1,1,0,1,0
4.3015e-08,0,0,0,1,1,1,1,1,0,1,0
4.3095e-08,1,0,0,1,1,1,1,1,0,1,0
4.3175e-08,1,0,0,1,1,1,1,1,0,1,0
4.3255e-08,1,0,0,1,1,1,1,1,0,1,0
4.3335e-08,0,1,0,1,1,1,1,1,0,1,0
4.3415e-08,0,1,0,1,1,1,1,1,0,1,0
4.3495e-08,0,1,0,1,1,1,1,1,1,1,1
4.3575e-08,1,1,0,1,0,1,1,1,1,0,1
4.3655e-08,1,1,0,1,0,1,0,0,1,0,1
4.3735e-08,0,1,0,1,0,1,0,0,1,0,1
4.3815e-08,0,1,0,1,0,1,0,0,1,0,1
4.3895e-08,0,1,0,1,0,1,0,0,1,0,1
4.3975e-08,1,1,0,1,0,1,0,0,1,0,1
4.4055e-08,1,1,0,1,0,1,0,0,1,0,1
4.4135e-08,1,1,0,1,0,1,0,0,1,0,1
4.4215e-08,0,1,0,1,0,1,0,0,1,0,1
4.4295e-08,0,1,0,1,0,1,0,0,1,0,1
4.4375e-08,1,1,0,1,1,1,1,0,1,0,1
4.4455e-08,1,1,1,1,1,1,1,1,1,1,1
4.4535e-08,1,1,1,1,1,1,1,1,1,1,1
4.4615e-08,0,1,1,1,1,1,1,1,1,1,1
4.4695e-08,0,1,1,1,1,1,1,1,1,1,1
4.4775e-08,1,1,1,1,1,1,1,1,1,1,1
4.4855e-08,1,1,1,1,1,1,1,1,1,1,1
4.4935e-08,1,1,1,1,1,1,1,1,1,1,1
4.5015e-08,0,1,1,1,1,1,1,1,1,1,1
4.5095e-08,0,1,1,1,1,1,1,1,1,1,1
4.5175e-08,0,1,1,1,1,1,1,1,1,1,1
4.5255e-08,1,1,1,1,1,1,1,1,1,1,1
4.5335e-08,1,1,1,1,1,1,1,1,1,1,1
4.5415e-08,0,1,1,1,1,1,1,1,1,1,1
4.5495e-08,0,1,1,1,1,1,1,1,1,1,1
4.5575e-08,0,1,1,1,1,1,1,1,1,1,1
4.5655e-08,1,1,1,1,1,1,1,1,1,1,1
4.5735e-08,1,1,1,1,1,1,1,1,1,1,1
4.5815e-08,0,1,1,1,1,1,1,1,1,1,1
4.5895e-08,0,1,1,1,1,1,1,1,1,1,1
4.5975e-08,0,1,1,1,1,1,1,1,1,1,1
4.6055e-08,1,1,1,1,1,1,1,1,1,1,1
4.6135e-08,1,1,0,1,1,1,1,0,0,1,0
4.6215e-08,1,1,0,1,1,1,1,0,0,1,0
4.6295e-08,0,1,0,1,1,1,1,0,0,1,0
4.6375e-08,0,0,0,1,1,1,1,0,0,1,0
4.6455e-08,1,0,0,1,1,1,1,0,0,1,0
4.6535e-08,1,0,0,1,1,1,1,0,0,1,0
4.6615e-08,1,0,0,1,1,1,1,0,0,1,0
4.6695e-08,0,1,0,1,1,1,1,0,0,1,0
4.6775e-08,0,1,0,1,1,1,1,0,0,1,0
4.6855e-08,0,1,0,1,1,1,1,0,1,1,1
4.6935e-08,1,1,0,1,0,1,1,0,1,1,1
4.7015e-08,1,1,0,0,0,1,0,0,1,1,1
4.7095e-08,0,1,0,0,0,1,0,0,1,1,1
4.7175e-08,0,1,0,0,0,1,0,0,1,1,1
4.7255e-08,0,1,0,0,0,1,0,0,1,1,1
4.7335e-08,1,1,0,0,0,1,0,0,1,1,1
4.7415e-08,1,1,0,0,0,1,0,0,1,1,1
4.7495e-08,0,1,0,0,0,1,0,0,1,1,1
4.7575e-08,0,1,0,0,0,1,0,0,1,1,1
4.7655e-08,0,1,0,0,0,1,0,0,1,1,1
4.7735e-08,1,1,0,1,1,1,1,0,1,1,1
4.7815e-08,1,1,1,1,1,1,1,1,1,1,1
4.7895e-08,1,1,1,1,1,1,1,1,1,1,1
4.7975e-08,0,1,1,1,1,1,1,1,1,1,1
4.8055e-08,0,1,1,1,1,1,1,1,1,1,1
4.8135e-08,1,1,1,1,1,1,1,1,1,1,1
4.8215e-08,1,1,1,1,1,1,1,1,1,1,1
4.8295e-08,1,1,1,1,1,1,1,1,1,1,1
4.8375e-08,0,1,1,1,1,1,1,1,1,1,1
4.8455e-08,0,1,1,1,1,1,1,1,1,1,1
4.8535e-08,1,1,1,1,1,1,1,1,1,1,1
4.8615e-08,1,1,1,1,1,1,1,1,1,1,1
4.8695e-08,1,1,1,1,1,1,1,1,1,1,1
4.8775e-08,0,1,1,1,1,1,1,1,1,1,1
4.8855e-08,0,1,1,1,1,1,1,1,1,1,1
4.8935e-08,0,1,1,1,1,1,1,1,1,1,1
4.9015e-08,1,1,1,1,1,1,1,1,1,1,1
4.9095e-08,1,1,1,1,1,1,1,1,1,1,1
4.9175e-08,0,1,1,1,1,1,1,1,1,1,1
4.9255e-08,0,1,1,1,1,1,1,1,1,1,1
4.9335e-08,0,1,1,1,1,1,1,1,1,1,1
4.9415e-08,1,1,1,1,1,1,1,1,1,1,1
4.9495e-08,1,1,1,1,1,1,1,1,1,1,1
4.9575e-08,1,1,1,1,1,1,1,1,1,1,1
4.9655e-08,0,1,1,1,1,1,1,1,1,1,1
4.9735e-08,0,1,1,1,1,1,1,1,1,1,1
4.9815e-08,1,1,1,1,1,1,1,1,1,1,1
4.9895e-08,1,1,1,1,1,1,1,1,1,1,1
4.9975e-08,1,1,1,1,1,1,1,1,1,1,1
5.0055e-08,0,1,1,1,1,1,1,1,1,1,1
5.0135e-08,0,1,1,1,1,1,1,1,1,1,1
5.0215e-08,1,1,1,1,1,1,1,1,1,1,1
5.0295e-08,1,1,1,1,1,1,1,1,1,1,1
5.0375e-08,1,1,1,1,1,1,1,1,1,1,1
5.0455e-08,0,1,1,1,1,1,1,1,1,1,1
5.0535e-08,0,1,1,1,1,1,1,1,1,1,1
5.0615e-08,0,1,1,1,1,1,1,1,1,1,1
5.0695e-08,1,1,1,1,1,1,1,1,1,1,1
5.0775e-08,1,1,1,1,1,1,1,1,1,1,1
5.0855e-08,0,1,1,1,1,1,1,1,1,1,1
5.0935e-08,0,1,1,1,1,1,1,1,1,1,1
5.1015e-08,0,1,1,1,1,1,1,1,1,1,1
5.1095e-08,1,1,1,1,1,1,1,1,1,1,1
5.1175e-08,1,1,0,1,1,1,1,0,0,1,0
5.1255e-08,1,1,0,1,1,1,1,0,0,1,0
5.1335e-08,0,1,0,1,1,1,1,0,0,1,0
5.1415e-08,0,0,0,1,1,1,1,0,0,1,0
5.1495e-08,1,0,0,1,1,1,1,0,0,1,0
5.1575e-08,1,0,0,1,1,1,1,0,0,1,0
5.1655e-08,1,0,0,1,1,1,1,0,0,1,0
5.1735e-08,0,1,0,1,1,1,1,0,0,1,0
5.1815e-08,0,1,0,1,1,1,1,0,0,1,0
5.1895e-08,0,1,0,1,1,1,1,0,1,1,1
5.1975e-08,1,1,0,0,0,1,1,0,1,1,1
5.2055e-08,1,1,0,0,0,1,0,0,1,1,1
5.2135e-08,0,1,0,0,0,1,0,0,1,1,1
5.2215e-08,0,1,0,0,0,1,0,0,1,1,1
5.2295e-08,0,1,0,0,0,1,0,0,1,1,1
5.2375e-08,1,1,0,0,0,1,0,0,1,1,1
5.2455e-08,1,1,0,0,0,1,0,0,1,1,1
5.2535e-08,0,1,0,0,0,1,0,0,1,1,1
5.2615e-08,0,1,0,0,0,1,0,0,1,1,1
5.2695e-08,0,1,0,0,0,1,0,0,1,1,1
5.2775e-08,1,1,0,1,1,1,1,0,1,1,1
5.2855e-08,1,1,1,1,1,1,1,1,1,1,1
5.2935e-08,1,1,1,1,1,1,1,1,1,1,1
5.3015e-08,0,1,1,1,1,1,1,1,1,1,1
5.3095e-08,0,1,1,1,1,1,1,1,1,1,1
5.3175e-08,1,1,1,1,1,1,1,1,1,1,1
5.3255e-08,1,1,1,1,1,1,1,1,1,1,1
5.3335e-08,1,1,1,1,1,1,1,1,1,1,1
5.3415e-08,0,1,1,1,1,1,1,1,1,1,1
5.3495e-08,0,1,1,1,1,1,1,1,1,1,1
5.3575e-08,0,1,1,1,1,1,1,1,1,1,1
5.3655e-08,1,1,1,1,1,1,1,1,1,1,1
5.3735e-08,1,1,1,1,1,1,1,1,1,1,1
5.3815e-08,0,1,1,1,1,1,1,1,1,1,1
5.3895e-08,0,1,1,1,1,1,1,1,1,1,1
5.3975e-08,0,1,1,1,1,1,1,1,1,1,1
5.4055e-08,1,1,1,1,1,1,1,1,1,1,1
5.4135e-08,1,1,1,1,1,1,1,1,1,1,1
5.4215e-08,0,1,1,1,1,1,1,1,1,1,1
5.4295e-08,0,1,1,1,1,1,1,1,1,1,1
5.4375e-08,0,1,1,1,1,1,1,1,1,1,1
5.4455e-08,1,1,1,1,1,1,1,1,1,1,1
5.4535e-08,1,1,1,1,1,1,1,1,1,1,1
5.4615e-08,1,1,1,1,1,1,1,1,1,1,1
5.4695e-08,0,1,1,1,1,1,1,1,1,1,1
5.4775e-08,0,1,1,1,1,1,1,1,1,1,1
5.4855e-08,1,1,1,1,1,1,1,1,1,1,1
5.4935e-08,1,1,1,1,1,1,1,1,1,1,1
5.5015e-08,1,1,1,1,1,1,1,1,1,1,1
5.5095e-08,0,1,1,1,1,1,1,1,1,1,1
5.5175e-08,0,1,1,1,1,1,1,1,1,1,1
5.5255e-08,1,1,1,1,1,1,1,1,1,1,1
5.5335e-08,1,1,1,1,1,1,1,1,1,1,1
5.5415e-08,1,1,1,1,1,1,1,1,1,1,1
5.5495e-08,0,1,1,1,1,1,1,1,1,1,1
5.5575e-08,0,1,1,1,1,1,1,1,1,1,1
5.5655e-08,0,1,1,1,1,1,1,1,1,1,1
5.5735e-08,1,1,1,1,1,1,1,1,1,1,1
5.5815e-08,1,1,1,1,1,1,1,1,1,1,1
5.5895e-08,0,1,1,1,1,1,1,1,1,1,1
5.5975e-08,0,1,1,1,1,1,1,1,1,1,1
5.6055e-08,0,1,1,1,1,1,1,1,1,1,1
5.6135e-08,1,1,1,1,1,1,1,1,1,1,1
5.6215e-08,1,1,1,1,1,1,1,1,1,1,1
5.6295e-08,1,1,1,1,1,1,1,1,1,1,1
5.6375e-08,0,1,1,1,1,1,1,1,1,1,1
5.6455e-08,0,1,1,1,1,1,1,1,1,1,1
5.6535e-08,1,1,1,1,1,1,1,1,1,1,1
5.6615e-08,1,1,1,1,1,1,1,1,1,1,1
5.6695e-08,1,1,1,1,1,1,1,1,1,1,1
5.6775e-08,0,1,1,1,1,1,1,1,1,1,1
5.6855e-08,0,1,1,1,1,1,1,1,1,1,1
5.6935e-08,1,1,1,1,1,1,1,1,1,1,1
5.7015e-08,1,1,1,1,1,1,1,1,1,1,1
5.7095e-08,1,1,1,1,1,1,1,1,1,1,1
5.7175e-08,0,1,1,1,1,1,1,1,1,1,1
5.7255e-08,0,1,1,1,1,1,1,1,1,1,1
5.7335e-08,0,1,1,1,1,1,1,1,1,1,1
5.7415e-08,1,1,1,1,1,1,1,1,1,1,1
5.7495e-08,1,1,1,1,1,1,1,1,1,1,1
5.7575e-08,0,1,1,1,1,1,1,1,1,1,1
5.7655e-08,0,1,1,1,1,1,1,1,1,1,1
5.7735e-08,0,1,1,1,1,1,1,1,1,1,1
5.7815e-08,1,1,1,1,1,1,1,1,1,1,1
5.7895e-08,1,1,1,1,1,1,1,1,1,1,1
5.7975e-08,1,1,1,1,1,1,1,1,1,1,1
5.8055e-08,0,1,1,1,1,1,1,1,1,1,1
5.8135e-08,0,1,1,1,1,1,1,1,1,1,1
5.8215e-08,1,1,1,1,1,1,1,1,1,1,1
5.8295e-08,1,1,1,1,1,1,1,1,1,1,1
5.8375e-08,1,1,1,1,1,1,1,1,1,1,1
5.8455e-08,0,1,1,1,1,1,1,1,1,1,1
5.8535e-08,0,1,1,1,1,1,1,1,1,1,1
5.8615e-08,1,1,1,1,1,1,1,1,1,1,1
5.8695e-08,1,1,1,1,1,1,1,1,1,1,1
5.8775e-08,1,1,1,1,1,1,1,1,1,1,1
5.8855e-08,0,1,1,1,1,1,1,1,1,1,1
5.8935e-08,0,1,1,1,1,1,1,1,1,1,1
5.9015e-08,0,1,1,1,1,1,1,1,1,1,1
5.9095e-08,1,1,1,1,1,1,1,1,1,1,1
5.9175e-08,1,1,1,1,1,1,1,1,1,1,1
5.9255e-08,0,1,1,1,1,1,1,1,1,1,1
5.9335e-08,0,1,1,1,1,1,1,1,1,1,1
5.9415e-08,0,1,1,1,1,1,1,1,1,1,1
5.9495e-08,1,1,1,1,1,1,1,1,1,1,1
5.9575e-08,1,1,1,1,1,1,1,1,1,1,1
5.9655e-08,1,1,1,1,1,1,1,1,1,1,1
5.9735e-08,0,1,1,1,1,1,1,1,1,1,1
5.9815e-08,0,1,1,1,1,1,1,1,1,1,1
5.9895e-08,1,1,1,1,1,1,1,1,1,1,1
5.9975e-08,1,1,1,1,1,1,1,1,1,1,1
6.0055e-08,1,1,1,1,1,1,1,1,1,1,1
6.0135e-08,0,1,1,1,1,1,1,1,1,1,1
6.0215e-08,0,1,1,1,1,1,1,1,1,1,1
6.0295e-08,1,1,1,1,1,1,1,1,1,1,1
6.0375e-08,1,1,1,1,1,1,1,1,1,1,1
6.0455e-08,1,1,1,1,1,1,1,1,1,1,1
6.0535e-08,0,1,1,1,1,1,1,1,1,1,1
6.0615e-08,0,1,1,1,1,1,1,1,1,1,1
6.0695e-08,0,1,1,1,1,1,1,1,1,1,1
6.0775e-08,1,1,1,1,1,1,1,1,1,1,1
6.0855e-08,1,1,1,1,1,1,1,1,1,1,1
6.0935e-08,0,1,1,1,1,1,1,1,1,1,1
6.1015e-08,0,1,1,1,1,1,1,1,1,1,1
6.1095e-08,0,1,1,1,1,1,1,1,1,1,1
6.1175e-08,1,1,1,1,1,1,1,1,1,1,1
6.1255e-08,1,1,1,1,1,1,1,1,1,1,1
6.1335e-08,1,1,1,1,1,1,1,1,1,1,1
6.1415e-08,0,1,1,1,1,1,1,1,1,1,1
6.1495e-08,0,1,1,1,1,1,1,1,1,1,1
6.1575e-08,1,1,1,1,1,1,1,1,1,1,1
6.1655e-08,1,1,1,1,1,1,1,1,1,1,1
6.1735e-08,1,1,1,1,1,1,1,1,1,1,1
6.1815e-08,0,1,1,1,1,1,1,1,1,1,1
6.1895e-08,0,1,1,1,1,1,1,1,1,1,1
6.1975e-08,1,1,1,1,1,1,1,1,1,1,1
6.2055e-08,1,1,0,1,1,1,1,0,0,1,0
6.2135e-08,1,1,0,1,1,1,1,0,0,1,0
6.2215e-08,0,1,0,1,1,1,1,0,0,1,0
6.2295e-08,0,0,0,1,1,1,1,0,0,1,0
6.2375e-08,0,0,0,1,1,1,1,0,0,1,0
6.2455e-08,1,0,0,1,1,1,1,0,0,1,0
6.2535e-08,1,0,0,1,1,1,1,0,0,1,0
6.2615e-08,0,1,0,1,1,1,1,0,0,1,0
6.2695e-08,0,1,0,1,1,1,1,0,0,1,0
6.2775e-08,0,1,0,1,1,1,1,0,0,1,0
6.2855e-08,1,1,0,1,0,1,1,0,1,1,1
6.2935e-08,1,1,0,1,0,1,0,0,1,1,1
6.3015e-08,1,1,0,1,0,1,0,0,1,1,1
6.3095e-08,0,1,0,1,0,1,0,0,1,1,1
6.3175e-08,0,1,0,1,0,1,0,0,1,1,1
6.3255e-08,1,1,0,1,0,1,0,0,1,1,1
6.3335e-08,1,1,0,1,0,1,0,0,1,1,1
6.3415e-08,1,1,0,1,0,1,0,0,1,1,1
6.3495e-08,0,1,0,1,0,1,0,0,1,1,1
6.3575e-08,0,1,0,1,0,1,0,0,1,1,1
6.3655e-08,1,1,0,1,1,1,1,0,1,1,1
6.3735e-08,1,1,1,1,1,1,1,1,1,1,1
6.3815e-08,1,1,1,1,1,1,1,1,1,1,1
6.3895e-08,0,1,1,1,1,1,1,1,1,1,1
6.3975e-08,0,1,1,1,1,1,1,1,1,1,1
6.4055e-08,0,1,1,1,1,1,1,1,1,1,1
6.4135e-08,1,1,1,1,1,1,1,1,1,1,1
6.4215e-08,1,1,1,1,1,1,1,1,1,1,1
6.4295e-08,0,1,1,1,1,1,1,1,1,1,1
6.4375e-08,0,1,1,1,1,1,1,1,1,1,1
6.4455e-08,0,1,1,1,1,1,1,1,1,1,1
6.4535e-08,1,1,1,1,1,1,1,1,1,1,1
6.4615e-08,1,1,1,1,1,1,1,1,1,1,1
6.4695e-08,0,1,1,1,1,1,1,1,1,1,1
6.4775e-08,0,1,1,1,1,1,1,1,1,1,1
6.4855e-08,0,1,1,1,1,1,1,1,1,1,1
6.4935e-08,1,1,1,1,1,1,1,1,1,1,1
6.5015e-08,1,1,1,1,1,1,1,1,1,1,1
6.5095e-08,1,1,1,1,1,1,1,1,1,1,1
6.5175e-08,0,1,1,1,1,1,1,1,1,1,1
6.5255e-08,0,1,1,1,1,1,1,1,1,1,1
6.5335e-08,1,1,1,1,1,1,1,1,1,1,1
6.5415e-08,1,1,1,1,1,1,1,1,1,1,1
6.5495e-08,1,1,1,1,1,1,1,1,1,1,1
6.5575e-08,0,1,1,1,1,1,1,1,1,1,1
6.5655e-08,0,1,1,1,1,1,1,1,1,1,1
6.5735e-08,0,1,1,1,1,1,1,1,1,1,1
6.5815e-08,1,1,1,1,1,1,1,1,1,1,1
6.5895e-08,1,1,1,1,1,1,1,1,1,1,1
6.5975e-08,0,1,1,1,1,1,1,1,1,1,1
6.6055e-08,0,1,1,1,1,1,1,1,1,1,1
6.6135e-08,0,1,1,1,1,1,1,1,1,1,1
6.6215e-08,1,1,1,1,1,1,1,1,0,1,0
6.6295e-08,1,1,0,1,1,1,1,1,0,1,0
6.6375e-08,0,1,0,1,1,1,1,1,0,1,0
6.6455e-08,0,0,0,1,1,1,1,1,0,1,0
6.6535e-08,0,0,0,1,1,1,1,1,0,1,0
6.6615e-08,1,0,0,1,1,1,1,1,0,1,0
6.6695e-08,1,0,0,1,1,1,1,1,0,1,0
6.6775e-08,1,0,0,1,1,1,1,1,0,1,0
6.6855e-08,0,1,0,1,1,1,1,1,0,1,0
6.6935e-08,0,1,0,1,1,1,1,1,0,1,0
6.7015e-08,1,1,0,1,1,1,1,1,1,1,1
6.7095e-08,1,1,0,0,0,1,1,1,1,1,1
6.7175e-08,1,1,0,0,0,1,0,0,1,1,1
6.7255e-08,0,1,0,0,0,1,0,0,1,1,1
6.7335e-08,0,1,0,0,0,1,0,0,1,1,1
6.7415e-08,1,1,0,0,0,1,0,0,1,1,1
6.7495e-08,1,1,0,0,0,1,0,0,1,1,1
6.7575e-08,1,1,0,0,0,1,0,0,1,1,1
6.7655e-08,0,1,0,0,0,1,0,0,1,1,1
6.7735e-08,0,1,0,0,0,1,0,0,1,1,1
6.7815e-08,0,1,0,0,1,1,1,0,1,1,1
6.7895e-08,1,1,1,1,1,1,1,1,1,1,1
6.7975e-08,1,1,1,1,1,1,1,1,1,1,1
6.8055e-08,0,1,1,1,1,1,1,1,1,1,1
6.8135e-08,0,1,1,1,1,1,1,1,1,1,1
6.8215e-08,0,1,1,1,1,1,1,1,1,1,1
6.8295e-08,1,1,1,1,1,1,1,1,1,1,1
6.8375e-08,1,1,1,1,1,1,1,1,1,1,1
6.8455e-08,1,1,1,1,1,1,1,1,1,1,1
6.8535e-08,0,1,1,1,1,1,1,1,1,1,1
6.8615e-08,0,1,1,1,1,1,1,1,1,1,1
6.8695e-08,1,1,1,1,1,1,1,1,1,1,1
6.8775e-08,1,1,1,1,1,1,1,1,1,1,1
6.8855e-08,1,1,1,1,1,1,1,1,1,1,1
6.8935e-08,0,1,1,1,1,1,1,1,1,1,1
6.9015e-08,0,1,1,1,1,1,1,1,1,1,1
6.9095e-08,1,1,1,1,1,1,1,1,1,1,1
6.9175e-08,1,1,1,1,1,1,1,1,1,1,1
6.9255e-08,1,1,1,1,1,1,1,1,1,1,1
6.9335e-08,0,1,1,1,1,1,1,1,1,1,1
6.9415e-08,0,1,1,1,1,1,1,1,1,1,1
6.9495e-08,0,1,1,1,1,1,1,1,1,1,1
6.9575e-08,1,1,1,1,1,1,1,1,0,1,0
6.9655e-08,1,1,0,1,1,1,1,0,0,1,0
6.9735e-08,0,1,0,1,1,1,1,0,0,1,0
6.9815e-08,0,0,0,1,1,1,1,0,0,1,0
6.9895e-08,0,0,0,1,1,1,1,0,0,1,0
6.9975e-08,1,0,0,1,1,1,1,0,0,1,0
7.0055e-08,1,0,0,1,1,1,1,0,0,1,0
7.0135e-08,1,1,0,1,1,1,1,0,0,1,0
7.0215e-08,0,1,0,1,1,1,1,0,0,1,0
7.0295e-08,0,1,0,1,1,1,1,0,0,1,0
7.0375e-08,1,1,0,1,1,1,1,0,1,1,1
7.0455e-08,1,1,0,1,0,1,1,0,1,1,1
7.0535e-08,1,1,0,1,0,1,0,0,1,1,1
7.0615e-08,0,1,0,1,0,1,0,0,1,1,1
7.0695e-08,0,1,0,1,0,1,0,0,1,1,1
7.0775e-08,1,1,0,1,0,1,0,0,1,1,1
7.0855e-08,1,1,0,1,0,1,0,0,1,1,1
7.0935e-08,1,1,0,1,0,1,0,0,1,1,1
7.1015e-08,0,1,0,1,0,1,0,0,1,1,1
7.1095e-08,0,1,0,1,0,1,0,0,1,1,1
7.1175e-08,0,1,0,1,1,1,1,0,1,1,1
7.1255e-08,1,1,1,1,1,1,1,1,1,1,1
7.1335e-08,1,1,1,1,1,1,1,1,1,1,1
7.1415e-08,0,1,1,1,1,1,1,1,1,1,1
7.1495e-08,0,1,1,1,1,1,1,1,1,1,1
7.1575e-08,0,1,1,1,1,1,1,1,1,1,1
7.1655e-08,1,1,1,1,1,1,1,1,1,1,1
7.1735e-08,1,1,1,1,1,1,1,1,1,1,1
7.1815e-08,1,1,1,1,1,1,1,1,1,1,1
7.1895e-08,0,1,1,1,1,1,1,1,1,1,1
7.1975e-08,0,1,1,1,1,1,1,1,1,1,1
7.2055e-08,1,1,1,1,1,1,1,1,1,1,1
7.2135e-08,1,1,1,1,1,1,1,1,1,1,1
7.2215e-08,1,1,1,1,1,1,1,1,1,1,1
7.2295e-08,0,1,1,1,1,1,1,1,1,1,1
7.2375e-08,0,1,1,1,1,1,1,1,1,1,1
7.2455e-08,1,1,1,1,1,1,1,1,1,1,1
7.2535e-08,1,1,1,1,1,1,1,1,1,1,1
7.2615e-08,1,1,1,1,1,1,1,1,1,1,1
7.2695e-08,0,1,1,1,1,1,1,1,1,1,1
7.2775e-08,0,1,1,1,1,1,1,1,1,1,1
7.2855e-08,1,1,1,1,1,1,1,1,1,1,1
7.2935e-08,1,1,1,1,1,1,1,1,1,1,1
7.3015e-08,1,1,1,1,1,1,1,1,1,1,1
7.3095e-08,0,1,1,1,1,1,1,1,1,1,1
7.3175e-08,0,1,1,1,1,1,1,1,1,1,1
7.3255e-08,0,1,1,1,1,1,1,1,1,1,1
7.3335e-08,1,1,1,1,1,1,1,1,1,1,1
7.3415e-08,1,1,1,1,1,1,1,1,1,1,1
7.3495e-08,0,1,1,1,1,1,1,1,1,1,1
7.3575e-08,0,1,1,1,1,1,1,1,1,1,1
7.3655e-08,0,1,1,1,1,1,1,1,1,1,1
7.3735e-08,1,1,1,1,1,1,1,1,1,1,1
7.3815e-08,1,1,1,1,1,1,1,1,1,1,1
7.3895e-08,1,1,1,1,1,1,1,1,1,1,1
7.3975e-08,0,1,1,1,1,1,1,1,1,1,1
7.4055e-08,0,1,1,1,1,1,1,1,1,1,1
7.4135e-08,1,1,1,1,1,1,1,1,1,1,1
7.4215e-08,1,1,1,1,1,1,1,1,1,1,1
7.4295e-08,1,1,1,1,1,1,1,1,1,1,1
7.4375e-08,0,1,1,1,1,1,1,1,1,1,1
7.4455e-08,0,1,1,1,1,1,1,1,1,1,1
7.4535e-08,1,1,1,1,1,1,1,1,1,1,1
7.4615e-08,1,1,1,1,1,1,1,1,1,1,1
7.4695e-08,1,1,1,1,1,1,1,1,1,1,1
7.4775e-08,0,1,1,1,1,1,1,1,1,1,1
7.4855e-08,0,1,1,1,1,1,1,1,1,1,1
7.4935e-08,0,1,1,1,1,1,1,1,1,1,1
7.5015e-08,1,1,1,1,1,1,1,1,1,1,1
7.5095e-08,1,1,1,1,1,1,1,1,1,1,1
7.5175e-08,0,1,1,1,1,1,1,1,1,1,1
7.5255e-08,0,1,1,1,1,1,1,1,1,1,1
7.5335e-08,0,1,1,1,1,1,1,1,1,1,1
7.5415e-08,1,1,1,1,1,1,1,1,1,1,1
7.5495e-08,1,1,1,1,1,1,1,1,1,1,1
7.5575e-08,1,1,1,1,1,1,1,1,1,1,1
7.5655e-08,0,1,1,1,1,1,1,1,1,1,1
7.5735e-08,0,1,1,1,1,1,1,1,1,1,1
7.5815e-08,1,1,1,1,1,1,1,1,1,1,1
7.5895e-08,1,1,1,1,1,1,1,1,1,1,1
7.5975e-08,1,1,1,1,1,1,1,1,1,1,1
7.6055e-08,0,1,1,1,1,1,1,1,1,1,1
7.6135e-08,0,1,1,1,1,1,1,1,1,1,1
7.6215e-08,1,1,1,1,1,1,1,1,1,1,1
7.6295e-08,1,1,1,1,1,1,1,1,1,1,1
7.6375e-08,1,1,1,1,1,1,1,1,1,1,1
7.6455e-08,0,1,1,1,1,1,1,1,1,1,1
7.6535e-08,0,1,1,1,1,1,1,1,1,1,1
7.6615e-08,1,1,1,1,1,1,1,1,1,1,1
7.6695e-08,1,1,1,1,1,1,1,1,1,1,1
7.6775e-08,1,1,1,1,1,1,1,1,1,1,1
7.6855e-08,0,1,1,1,1,1,1,1,1,1,1
7.6935e-08,0,1,1,1,1,1,1,1,1,1,1
7.7015e-08,0,1,1,1,1,1,1,1,1,1,1
7.7095e-08,1,1,1,1,1,1,1,1,1,1,1
7.7175e-08,1,1,1,1,1,1,1,1,1,1,1
7.7255e-08,0,1,1,1,1,1,1,1,1,1,1
7.7335e-08,0,1,1,1,1,1,1,1,1,1,1
7.7415e-08,0,1,1,1,1,1,1,1,1,1,1
7.7495e-08,1,1,1,1,1,1,1,1,1,1,1
7.7575e-08,1,1,1,1,1,1,1,1,1,1,1
7.7655e-08,1,1,1,1,1,1,1,1,1,1,1
7.7735e-08,0,1,1,1,1,1,1,1,1,1,1
7.7815e-08,0,1,1,1,1,1,1,1,1,1,1
7.7895e-08,1,1,1,1,1,1,1,1,1,1,1
7.7975e-08,1,1,1,1,1,1,1,1,1,1,1
7.8055e-08,1,1,1,1,1,1,1,1,1,1,1
7.8135e-08,0,1,1,1,1,1,1,1,1,1,1
7.8215e-08,0,1,1,1,1,1,1,1,1,1,1
7.8295e-08,1,1,1,1,1,1,1,1,1,1,1
7.8375e-08,1,1,1,1,1,1,1,1,1,1,1
7.8455e-08,1,1,1,1,1,1,1,1,1,1,1
7.8535e-08,0,1,1,1,1,1,1,1,1,1,1
7.8615e-08,0,1,1,1,1,1,1,1,1,1,1
7.8695e-08,0,1,1,1,1,1,1,1,1,1,1
7.8775e-08,1,1,1,1,1,1,1,1,1,1,1
7.8855e-08,1,1,1,1,1,1,1,1,1,1,1
7.8935e-08,0,1,1,1,1,1,1,1,1,1,1
7.9015e-08,0,1,1,1,1,1,1,1,1,1,1
7.9095e-08,0,1,1,1,1,1,1,1,1,1,1
7.9175e-08,1,1,1,1,1,1,1,1,1,1,1
7.9255e-08,1,1,1,1,1,1,1,1,1,1,1
7.9335e-08,0,1,1,1,1,1,1,1,1,1,1
7.9415e-08,0,1,1,1,1,1,1,1,1,1,1
7.9495e-08,0,1,1,1,1,1,1,1,1,1,1
7.9575e-08,1,1,1,1,1,1,1,1,1,1,1
7.9655e-08,1,1,1,1,1,1,1,1,1,1,1
7.9735e-08,1,1,1,1,1,1,1,1,1,1,1
7.9815e-08,0,1,1,1,1,1,1,1,1,1,1
7.9895e-08,0,1,1,1,1,1,1,1,1,1,1
7.9975e-08,1,1,1,1,1,1,1,1,1,1,1
8.0055e-08,1,1,1,1,1,1,1,1,1,1,1
8.0135e-08,1,1,1,1,1,1,1,1,1,1,1
8.0215e-08,0,1,1,1,1,1,1,1,1,1,1
8.0295e-08,0,1,1,1,1,1,1,1,1,1,1
8.0375e-08,1,1,1,1,1,1,1,1,1,1,1
8.0455e-08,1,1,1,1,1,1,1,1,1,1,1
8.0535e-08,1,1,1,1,1,1,1,1,1,1,1
8.0615e-08,0,1,1,1,1,1,1,1,1,1,1
8.0695e-08,0,1,1,1,1,1,1,1,1,1,1
8.0775e-08,0,1,1,1,1,1,1,1,1,1,1
8.0855e-08,1,1,1,1,1,1,1,1,1,1,1
8.0935e-08,1,1,1,1,1,1,1,1,1,1,1
8.1015e-08,0,1,1,1,1,1,1,1,1,1,1
8.1095e-08,0,1,1,1,1,1,1,1,1,1,1
8.1175e-08,0,1,1,1,1,1,1,1,1,1,1
8.1255e-08,1,1,1,1,1,1,1,1,1,1,1
8.1335e-08,1,1,1,1,1,1,1,1,1,1,1
8.1415e-08,1,1,1,1,1,1,1,1,1,1,1
8.1495e-08,0,1,1,1,1,1,1,1,1,1,1
8.1575e-08,0,1,1,1,1,1,1,1,1,1,1
8.1655e-08,1,1,1,1,1,1,1,1,1,1,1
8.1735e-08,1,1,1,1,1,1,1,1,1,1,1
8.1815e-08,1,1,1,1,1,1,1,1,1,1,1
8.1895e-08,0,1,1,1,1,1,1,1,1,1,1
8.1975e-08,0,1,1,1,1,1,1,1,1,1,1
8.2055e-08,1,1,1,1,1,1,1,1,1,1,1
8.2135e-08,1,1,1,1,1,1,1,1,1,1,1
8.2215e-08,1,1,1,1,1,1,1,1,1,1,1
8.2295e-08,0,1,1,1,1,1,1,1,1,1,1
8.2375e-08,0,1,1,1,1,1,1,1,1,1,1
8.2455e-08,0,1,1,1,1,1,1,1,1,1,1
8.2535e-08,1,1,1,1,1,1,1,1,1,1,1
8.2615e-08,1,1,1,1,1,1,1,1,1,1,1
8.2695e-08,0,1,1,1,1,1,1,1,1,1,1
8.2775e-08,0,1,1,1,1,1,1,1,1,1,1
8.2855e-08,0,1,1,1,1,1,1,1,1,1,1
8.2935e-08,1,1,1,1,1,1,1,1,1,1,1
8.3015e-08,1,1,1,1,1,1,1,1,1,1,1
8.3095e-08,0,1,1,1,1,1,1,1,1,1,1
8.3175e-08,0,1,1,1,1,1,1,1,1,1,1
8.3255e-08,0,1,1,1,1,1,1,1,1,1,1
8.3335e-08,1,1,1,1,1,1,1,1,1,1,1
8.3415e-08,1,1,1,1,1,1,1,1,1,1,1
8.3495e-08,1,1,1,1,1,1,1,1,1,1,1
8.3575e-08,0,1,1,1,1,1,1,1,1,1,1
8.3655e-08,0,1,1,1,1,1,1,1,1,1,1
8.3735e-08,1,1,1,1,1,1,1,1,1,1,1
8.3815e-08,1,1,1,1,1,1,1,1,1,1,1
8.3895e-08,1,1,1,1,1,1,1,1,1,1,1
8.3975e-08,0,1,1,1,1,1,1,1,1,1,1
8.4055e-08,0,1,1,1,1,1,1,1,1,1,1
8.4135e-08,1,1,1,1,1,1,1,1,1,1,1
8.4215e-08,1,1,1,1,1,1,1,1,1,1,1
8.4295e-08,1,1,1,1,1,1,1,1,1,1,1
8.4375e-08,0,1,1,1,1,1,1,1,1,1,1
8.4455e-08,0,1,1,1,1,1,1,1,1,1,1
8.4535e-08,0,1,1,1,1,1,1,1,1,1,1
8.4615e-08,1,1,1,1,1,1,1,1,1,1,1
8.4695e-08,1,1,1,1,1,1,1,1,1,1,1
8.4775e-08,0,1,1,1,1,1,1,1,1,1,1
8.4855e-08,0,1,1,1,1,1,1,1,1,1,1
8.4935e-08,0,1,1,1,1,1,1,1,1,1,1
8.5015e-08,1,1,1,1,1,1,1,1,1,1,1
8.5095e-08,1,1,1,1,1,1,1,1,1,1,1
8.5175e-08,1,1,1,1,1,1,1,1,1,1,1
8.5255e-08,0,1,1,1,1,1,1,1,1,1,1
8.5335e-08,0,1,1,1,1,1,1,1,1,1,1
8.5415e-08,1,1,1,1,1,1,1,1,1,1,1
8.5495e-08,1,1,1,1,1,1,1,1,1,1,1
8.5575e-08,1,1,1,1,1,1,1,1,1,1,1
8.5655e-08,0,1,1,1,1,1,1,1,1,1,1
8.5735e-08,0,1,1,1,1,1,1,1,1,1,1
8.5815e-08,1,1,1,1,1,1,1,1,1,1,1
8.5895e-08,1,1,1,1,1,1,1,1,1,1,1
8.5975e-08,1,1,1,1,1,1,1,1,1,1,1
8.6055e-08,0,1,1,1,1,1,1,1,1,1,1
8.6135e-08,0,1,1,1,1,1,1,1,1,1,1
8.6215e-08,1,1,1,1,1,1,1,1,1,1,1
8.6295e-08,1,1,1,1,1,1,1,1,1,1,1
8.6375e-08,1,1,1,1,1,1,1,1,1,1,1
8.6455e-08,0,1,1,1,1,1,1,1,1,1,1
8.6535e-08,0,1,1,1,1,1,1,1,1,1,1
8.6615e-08,0,1,1,1,1,1,1,1,1,1,1
8.6695e-08,1,1,1,1,1,1,1,1,1,1,1
8.6775e-08,1,1,1,1,1,1,1,1,1,1,1
8.6855e-08,0,1,1,1,1,1,1,1,1,1,1
8.6935e-08,0,1,1,1,1,1,1,1,1,1,1
8.7015e-08,0,1,1,1,1,1,1,1,1,1,1
8.7095e-08,1,1,1,1,1,1,1,1,1,1,1
8.7175e-08,1,1,1,1,1,1,1,1,1,1,1
8.7255e-08,1,1,1,1,1,1,1,1,1,1,1
8.7335e-08,0,1,1,1,1,1,1,1,1,1,1
8.7415e-08,0,1,1,1,1,1,1,1,1,1,1
8.7495e-08,1,1,1,1,1,1,1,1,1,1,1
8.7575e-08,1,1,1,1,1,1,1,1,1,1,1
8.7655e-08,1,1,1,1,1,1,1,1,1,1,1
8.7735e-08,0,1,1,1,1,1,1,1,1,1,1
8.7815e-08,0,1,1,1,1,1,1,1,1,1,1
8.7895e-08,1,1,1,1,1,1,1,1,1,1,1
8.7975e-08,1,1,1,1,1,1,1,1,1,1,1
8.8055e-08,1,1,1,1,1,1,1,1,1,1,1
8.8135e-08,0,1,1,1,1,1,1,1,1,1,1
8.8215e-08,0,1,1,1,1,1,1,1,1,1,1
8.8295e-08,1,1,1,1,1,1,1,1,1,1,1
8.8375e-08,1,1,1,1,1,1,1,1,1,1,1
8.8455e-08,1,1,1,1,1,1,1,1,1,1,1
8.8535e-08,0,1,1,1,1,1,1,1,1,1,1
8.8615e-08,0,1,1,1,1,1,1,1,1,1,1
8.8695e-08,0,1,1,1,1,1,1,1,1,1,1
8.8775e-08,1,1,1,1,1,1,1,1,1,1,1
8.8855e-08,1,1,1,1,1,1,1,1,1,1,1
8.8935e-08,0,1,1,1,1,1,1,1,1,1,1
8.9015e-08,0,1,1,1,1,1,1,1,1,1,1
8.9095e-08,0,1,1,1,1,1,1,1,1,1,1
8.9175e-08,1,1,1,1,1,1,1,1,1,1,1
8.9255e-08,1,1,1,1,1,1,1,1,1,1,1
8.9335e-08,1,1,1,1,1,1,1,1,1,1,1
8.9415e-08,0,1,1,1,1,1,1,1,1,1,1
8.9495e-08,0,1,1,1,1,1,1,1,1,1,1
8.9575e-08,1,1,1,1,1,1,1,1,1,1,1
8.9655e-08,1,1,1,1,1,1,1,1,1,1,1
8.9735e-08,1,1,1,1,1,1,1,1,1,1,1
8.9815e-08,0,1,1,1,1,1,1,1,1,1,1
8.9895e-08,0,1,1,1,1,1,1,1,1,1,1
8.9975e-08,1,1,1,1,1,1,1,1,1,1,1
9.0055e-08,1,1,1,1,1,1,1,1,1,1,1
9.0135e-08,1,1,1,1,1,1,1,1,1,1,1
9.0215e-08,0,1,1,1,1,1,1,1,1,1,1
9.0295e-08,0,1,1,1,1,1,1,1,1,1,1
9.0375e-08,0,1,1,1,1,1,1,1,1,1,1
9.0455e-08,1,1,1,1,1,1,1,1,0,1,0
9.0535e-08,1,1,0,1,1,1,1,1,0,1,0
9.0615e-08,0,1,0,1,1,1,1,1,0,1,0
9.0695e-08,0,0,0,1,1,1,1,1,0,1,0
9.0775e-08,0,0,0,1,1,1,1,1,0,1,0
9.0855e-08,1,0,0,1,1,1,1,1,0,1,0
9.0935e-08,1,0,0,1,1,1,1,1,0,1,0
9.1015e-08,1,1,0,1,1,1,1,1,0,1,0
9.1095e-08,0,1,0,1,1,1,1,1,0,1,0
9.1175e-08,0,1,0,1,1,1,1,1,0,1,0
9.1255e-08,1,1,0,1,0,1,1,1,1,1,1
9.1335e-08,1,1,0,0,0,1,1,0,1,1,1
9.1415e-08,1,1,0,0,0,1,0,0,1,1,1
9.1495e-08,0,1,0,0,0,1,0,0,1,1,1
9.1575e-08,0,1,0,0,0,1,0,0,1,1,1
9.1655e-08,1,1,0,0,0,1,0,0,1,1,1
9.1735e-08,1,1,0,0,0,1,0,0,1,1,1
9.1815e-08,1,1,0,0,0,1,0,0,1,1,1
9.1895e-08,0,1,0,0,0,1,0,0,1,1,1
9.1975e-08,0,1,0,0,0,1,0,0,1,1,1
9.2055e-08,1,1,0,1,1,1,1,0,1,1,1
9.2135e-08,1,1,1,1,1,1,1,1,1,1,1
9.2215e-08,1,1,1,1,1,1,1,1,1,1,1
9.2295e-08,0,1,1,1,1,1,1,1,1,1,1
9.2375e-08,0,1,1,1,1,1,1,1,1,1,1
9.2455e-08,0,1,1,1,1,1,1,1,1,1,1
9.2535e-08,1,1,1,1,1,1,1,1,1,1,1
9.2615e-08,1,1,1,1,1,1,1,1,1,1,1
9.2695e-08,0,1,1,1,1,1,1,1,1,1,1
9.2775e-08,0,1,1,1,1,1,1,1,1,1,1
9.2855e-08,0,1,1,1,1,1,1,1,1,1,1
9.2935e-08,1,1,1,1,1,1,1,1,1,1,1
9.3015e-08,1,1,1,1,1,1,1,1,1,1,1
9.3095e-08,1,1,1,1,1,1,1,1,1,1,1
9.3175e-08,0,1,1,1,1,1,1,1,1,1,1
9.3255e-08,0,1,1,1,1,1,1,1,1,1,1
9.3335e-08,1,1,1,1,1,1,1,1,1,1,1
9.3415e-08,1,1,1,1,1,1,1,1,1,1,1
9.3495e-08,1,1,1,1,1,1,1,1,1,1,1
9.3575e-08,0,1,1,1,1,1,1,1,1,1,1
9.3655e-08,0,1,1,1,1,1,1,1,1,1,1
9.3735e-08,1,1,1,1,1,1,1,1,1,1,1
9.3815e-08,1,1,1,1,1,1,1,1,1,1,1
9.3895e-08,1,1,1,1,1,1,1,1,1,1,1
9.3975e-08,0,1,1,1,1,1,1,1,1,1,1
9.4055e-08,0,1,1,1,1,1,1,1,1,1,1
9.4135e-08,1,1,1,1,1,1,1,1,1,1,1
9.4215e-08,1,1,1,1,1,1,1,1,1,1,1
9.4295e-08,1,1,1,1,1,1,1,1,1,1,1
9.4375e-08,0,1,1,1,1,1,1,1,1,1,1
9.4455e-08,0,1,1,1,1,1,1,1,1,1,1
9.4535e-08,0,1,1,1,1,1,1,1,1,1,1
9.4615e-08,1,1,1,1,1,1,1,1,1,1,1
9.4695e-08,1,1,1,1,1,1,1,1,1,1,1
9.4775e-08,0,1,1,1,1,1,1,1,1,1,1
9.4855e-08,0,1,1,1,1,1,1,1,1,1,1
9.4935e-08,0,1,1,1,1,1,1,1,1,1,1
9.5015e-08,1,1,1,1,1,1,1,1,1,1,1
9.5095e-08,1,1,1,1,1,1,1,1,1,1,1
9.5175e-08,1,1,1,1,1,1,1,1,1,1,1
9.5255e-08,0,1,1,1,1,1,1,1,1,1,1
9.5335e-08,0,1,1,1,1,1,1,1,1,1,1
9.5415e-08,1,1,1,1,1,1,1,1,1,1,1
9.5495e-08,1,1,0,1,1,1,1,1,0,1,0
9.5575e-08,1,1,0,1,1,1,1,1,0,1,0
9.5655e-08,0,1,0,1,1,1,1,1,0,1,0
9.5735e-08,0,0,0,1,1,1,1,1,0,1,0
9.5815e-08,1,0,0,1,1,1,1,1,0,1,0
9.5895e-08,1,0,0,1,1,1,1,1,0,1,0
9.5975e-08,1,0,0,1,1,1,1,1,0,1,0
9.6055e-08,0,1,0,1,1,1,1,1,0,1,0
9.6135e-08,0,1,0,1,1,1,1,1,0,1,0
9.6215e-08,0,1,0,1,1,1,1,1,1,1,1
9.6295e-08,1,1,0,1,0,1,1,1,1,1,1
9.6375e-08,1,1,0,1,0,1,0,0,1,1,1
9.6455e-08,0,1,0,1,0,1,0,0,1,1,1
9.6535e-08,0,1,0,1,0,1,0,0,1,1,1
9.6615e-08,0,1,0,1,0,1,0,0,1,1,1
9.6695e-08,1,1,0,1,0,1,0,0,1,1,1
9.6775e-08,1,1,0,1,0,1,0,0,1,1,1
9.6855e-08,0,1,0,1,0,1,0,0,1,1,1
9.6935e-08,0,1,0,1,0,1,0,0,1,1,1
9.7015e-08,0,1,0,1,0,1,0,0,1,1,1
9.7095e-08,1,1,1,1,1,1,1,0,1,1,1
9.7175e-08,1,1,1,1,1,1,1,1,1,1,1
9.7255e-08,1,1,1,1,1,1,1,1,1,1,1
9.7335e-08,0,1,1,1,1,1,1,1,1,1,1
9.7415e-08,0,1,1,1,1,1,1,1,1,1,1
9.7495e-08,1,1,1,1,1,1,1,1,1,1,1
9.7575e-08,1,1,1,1,1,1,1,1,1,1,1
9.7655e-08,1,1,1,1,1,1,1,1,1,1,1
9.7735e-08,0,1,1,1,1,1,1,1,1,1,1
9.7815e-08,0,1,1,1,1,1,1,1,1,1,1
9.7895e-08,1,1,1,1,1,1,1,1,1,1,1
9.7975e-08,1,1,1,1,1,1,1,1,1,1,1
9.8055e-08,1,1,1,1,1,1,1,1,1,1,1
9.8135e-08,0,1,1,1,1,1,1,1,1,1,1
9.8215e-08,0,1,1,1,1,1,1,1,1,1,1
9.8295e-08,0,1,1,1,1,1,1,1,1,1,1
9.8375e-08,1,1,1,1,1,1,1,1,1,1,1
9.8455e-08,1,1,1,1,1,1,1,1,1,1,1
9.8535e-08,0,1,1,1,1,1,1,1,1,1,1
9.8615e-08,0,1,1,1,1,1,1,1,1,1,1
9.8695e-08,0,1,1,1,1,1,1,1,1,1,1
9.8775e-08,1,1,1,1,1,1,1,1,1,1,1
9.8855e-08,1,1,1,1,1,1,1,1,1,1,1
9.8935e-08,0,1,1,1,1,1,1,1,1,1,1
9.9015e-08,0,1,1,1,1,1,1,1,1,1,1
9.9095e-08,0,1,1,1,1,1,1,1,1,1,1
9.9175e-08,1,1,1,1,1,1,1,1,1,1,1
9.9255e-08,1,1,1,1,1,1,1,1,1,1,1
9.9335e-08,1,1,1,1,1,1,1,1,1,1,1
9.9415e-08,0,1,1,1,1,1,1,1,1,1,1
9.9495e-08,0,1,1,1,1,1,1,1,1,1,1
9.9575e-08,1,1,1,1,1,1,1,1,1,1,1
9.9655e-08,1,1,1,1,1,1,1,1,1,1,1
9.9735e-08,1,1,1,1,1,1,1,1,1,1,1
9.9815e-08,0,1,1,1,1,1,1,1,1,1,1
9.9895e-08,0,1,1,1,1,1,1,1,1,1,1
9.9975e-08,1,1,1,1,1,1,1,1,1,1,1
1.0005e-07,1,1,1,1,1,1,1,1,1,1,1
1.0013e-07,1,1,1,1,1,1,1,1,1,1,1
1.0021e-07,0,1,1,1,1,1,1,1,1,1,1
1.0029e-07,0,1,1,1,1,1,1,1,1,1,1
1.0037e-07,0,1,1,1,1,1,1,1,1,1,1
1.0045e-07,1,1,1,1,1,1,1,1,0,1,0
1.0053e-07,1,1,0,1,1,1,1,1,0,1,0
1.0061e-07,0,1,0,1,1,1,1,1,0,1,0
1.0069e-07,0,0,0,1,1,1,1,1,0,1,0
1.0077e-07,0,0,0,1,1,1,1,1,0,1,0
1.0085e-07,1,0,0,1,1,1,1,1,0,1,0
1.0093e-07,1,0,0,1,1,1,1,1,0,1,0
1.0101e-07,1,1,0,1,1,1,1,1,0,1,0
1.0109e-07,0,1,0,1,1,1,1,1,0,1,0
1.0117e-07,0,1,0,1,1,1,1,1,0,1,0
1.0125e-07,1,1,0,1,1,1,1,1,1,1,1
1.0133e-07,1,1,0,1,0,1,1,1,1,1,1
1.0141e-07,1,1,0,1,0,1,0,0,1,1,1
1.0149e-07,0,1,0,1,0,1,0,0,1,1,1
1.0157e-07,0,1,0,1,0,1,0,0,1,1,1
1.0165e-07,1,1,0,1,0,1,0,0,1,1,1
1.0173e-07,1,1,0,1,0,1,0,0,1,1,1
1.0181e-07,1,1,0,1,0,1,0,0,1,1,1
1.0189e-07,0,1,0,1,0,1,0,0,1,1,1
1.0197e-07,0,1,0,1,0,1,0,0,1,1,1
1.0205e-07,1,1,0,1,1,1,1,0,1,1,1
1.0213e-07,1,1,1,1,1,1,1,1,1,1,1
1.0221e-07,1,1,1,1,1,1,1,1,1,1,1
1.0229e-07,0,1,1,1,1,1,1,1,1,1,1
1.0237e-07,0,1,1,1,1,1,1,1,1,1,1
1.0245e-07,0,1,1,1,1,1,1,1,1,1,1
1.0253e-07,1,1,1,1,1,1,1,1,1,1,1
1.0261e-07,1,1,1,1,1,1,1,1,1,1,1
1.0269e-07,0,1,1,1,1,1,1,1,1,1,1
1.0277e-07,0,1,1,1,1,1,1,1,1,1,1
1.0285e-07,0,1,1,1,1,1,1,1,1,1,1
1.0293e-07,1,1,1,1,1,1,1,1,1,1,1
1.0301e-07,1,1,1,1,1,1,1,1,1,1,1
1.0309e-07,1,1,1,1,1,1,1,1,1,1,1
1.0317e-07,0,1,1,1,1,1,1,1,1,1,1
1.0325e-07,0,1,1,1,1,1,1,1,1,1,1
1.0333e-07,1,1,1,1,1,1,1,1,1,1,1
1.0341e-07,1,1,1,1,1,1,1,1,1,1,1
1.0349e-07,1,1,1,1,1,1,1,1,1,1,1
1.0357e-07,0,1,1,1,1,1,1,1,1,1,1
1.0365e-07,0,1,1,1,1,1,1,1,1,1,1
1.0373e-07,1,1,1,1,1,1,1,1,1,1,1
1.0381e-07,1,1,1,1,1,1,1,1,1,1,1
1.0389e-07,1,1,1,1,1,1,1,1,1,1,1
1.0397e-07,0,1,1,1,1,1,1,1,1,1,1
1.0405e-07,0,1,1,1,1,1,1,1,1,1,1
1.0413e-07,1,1,1,1,1,1,1,1,1,1,1
1.0421e-07,1,1,1,1,1,1,1,1,1,1,1
1.0429e-07,1,1,1,1,1,1,1,1,1,1,1
1.0437e-07,0,1,1,1,1,1,1,1,1,1,1
1.0445e-07,0,1,1,1,1,1,1,1,1,1,1
1.0453e-07,0,1,1,1,1,1,1,1,1,1,1
1.0461e-07,1,1,1,1,1,1,1,1,1,1,1
1.0469e-07,1,1,1,1,1,1,1,1,1,1,1
1.0477e-07,0,1,1,1,1,1,1,1,1,1,1
1.0485e-07,0,1,1,1,1,1,1,1,1,1,1
1.0493e-07,0,1,1,1,1,1,1,1,1,1,1
1.0501e-07,1,1,1,1,1,1,1,1,1,1,1
1.0509e-07,1,1,1,1,1,1,1,1,1,1,1
1.0517e-07,1,1,1,1,1,1,1,1,1,1,1
1.0525e-07,0,1,1,1,1,1,1,1,1,1,1
1.0533e-07,0,1,1,1,1,1,1,1,1,1,1
1.0541e-07,1,1,1,1,1,1,1,1,1,1,1
1.0549e-07,1,1,1,1,1,1,1,1,1,1,1
1.0557e-07,1,1,1,1,1,1,1,1,1,1,1
1.0565e-07,0,1,1,1,1,1,1,1,1,1,1
1.0573e-07,0,1,1,1,1,1,1,1,1,1,1
1.0581e-07,1,1,1,1,1,1,1,1,1,1,1
1.0589e-07,1,1,1,1,1,1,1,1,1,1,1
1.0597e-07,1,1,1,1,1,1,1,1,1,1,1
1.0605e-07,0,1,1,1,1,1,1,1,1,1,1
1.0613e-07,0,1,1,1,1,1,1,1,1,1,1
1.0621e-07,0,1,1,1,1,1,1,1,1,1,1
1.0629e-07,1,1,1,1,1,1,1,1,1,1,1
1.0637e-07,1,1,1,1,1,1,1,1,1,1,1
1.0645e-07,0,1,1,1,1,1,1,1,1,1,1
1.0653e-07,0,1,1,1,1,1,1,1,1,1,1
1.0661e-07,0,1,1,1,1,1,1,1,1,1,1
1.0669e-07,1,1,1,1,1,1,1,1,1,1,1
1.0677e-07,1,1,1,1,1,1,1,1,1,1,1
1.0685e-07,0,1,1,1,1,1,1,1,1,1,1
1.0693e-07,0,1,1,1,1,1,1,1,1,1,1
1.0701e-07,0,1,1,1,1,1,1,1,1,1,1
1.0709e-07,1,1,1,1,1,1,1,1,1,1,1
1.0717e-07,1,1,1,1,1,1,1,1,1,1,1
1.0725e-07,1,1,1,1,1,1,1,1,1,1,1
1.0733e-07,0,1,1,1,1,1,1,1,1,1,1
1.0741e-07,0,1,1,1,1,1,1,1,1,1,1
1.0749e-07,1,1,1,1,1,1,1,1,1,1,1
1.0757e-07,1,1,1,1,1,1,1,1,1,1,1
1.0765e-07,1,1,1,1,1,1,1,1,1,1,1
1.0773e-07,0,1,1,1,1,1,1,1,1,1,1
1.0781e-07,0,1,1,1,1,1,1,1,1,1,1
1.0789e-07,1,1,1,1,1,1,1,1,1,1,1
1.0797e-07,1,1,1,1,1,1,1,1,1,1,1
1.0805e-07,1,1,1,1,1,1,1,1,1,1,1
1.0813e-07,0,1,1,1,1,1,1,1,1,1,1
1.0821e-07,0,1,1,1,1,1,1,1,1,1,1
1.0829e-07,0,1,1,1,1,1,1,1,1,1,1
1.0837e-07,1,1,1,1,1,1,1,1,1,1,1
1.0845e-07,1,1,1,1,1,1,1,1,1,1,1
1.0853e-07,0,1,1,1,1,1,1,1,1,1,1
1.0861e-07,0,1,1,1,1,1,1,1,1,1,1
1.0869e-07,0,1,1,1,1,1,1,1,1,1,1
1.0877e-07,1,1,1,1,1,1,1,1,1,1,1
1.0885e-07,1,1,1,1,1,1,1,1,1,1,1
1.0893e-07,0,1,1,1,1,1,1,1,1,1,1
1.0901e-07,0,1,1,1,1,1,1,1,1,1,1
1.0909e-07,0,1,1,1,1,1,1,1,1,1,1
1.0917e-07,1,1,1,1,1,1,1,1,1,1,1
1.0925e-07,1,1,1,1,1,1,1,1,1,1,1
1.0933e-07,1,1,1,1,1,1,1,1,1,1,1
1.0941e-07,0,1,1,1,1,1,1,1,1,1,1
1.0949e-07,0,1,1,1,1,1,1,1,1,1,1
1.0957e-07,1,1,1,1,1,1,1,1,1,1,1
1.0965e-07,1,1,1,1,1,1,1,1,1,1,1
1.0973e-07,1,1,1,1,1,1,1,1,1,1,1
1.0981e-07,0,1,1,1,1,1,1,1,1,1,1
1.0989e-07,0,1,1,1,1,1,1,1,1,1,1
1.0997e-07,1,1,1,1,1,1,1,1,1,1,1
1.1005e-07,1,1,1,1,1,1,1,1,1,1,1
1.1013e-07,1,1,1,1,1,1,1,1,1,1,1
1.1021e-07,0,1,1,1,1,1,1,1,1,1,1
1.1029e-07,0,1,1,1,1,1,1,1,1,1,1
1.1037e-07,0,1,1,1,1,1,1,1,1,1,1
1.1045e-07,1,1,1,1,1,1,1,1,1,1,1
1.1053e-07,1,1,1,1,1,1,1,1,1,1,1
1.1061e-07,0,1,1,1,1,1,1,1,1,1,1
1.1069e-07,0,1,1,1,1,1,1,1,1,1,1
1.1077e-07,0,1,1,1,1,1,1,1,1,1,1
1.1085e-07,1,1,1,1,1,1,1,1,1,1,1
1.1093e-07,1,1,1,1,1,1,1,1,1,1,1
1.1101e-07,1,1,1,1,1,1,1,1,1,1,1
1.1109e-07,0,1,1,1,1,1,1,1,1,1,1
1.1117e-07,0,1,1,1,1,1,1,1,1,1,1
1.1125e-07,1,1,1,1,1,1,1,1,1,1,1
1.1133e-07,1,1,1,1,1,1,1,1,1,1,1
1.1141e-07,1,1,1,1,1,1,1,1,1,1,1
1.1149e-07,0,1,1,1,1,1,1,1,1,1,1
1.1157e-07,0,1,1,1,1,1,1,1,1,1,1
1.1165e-07,1,1,1,1,1,1,1,1,1,1,1
1.1173e-07,1,1,1,1,1,1,1,1,1,1,1
1.1181e-07,1,1,1,1,1,1,1,1,1,1,1
1.1189e-07,0,1,1,1,1,1,1,1,1,1,1
1.1197e-07,0,1,1,1,1,1,1,1,1,1,1
1.1205e-07,1,1,1,1,1,1,1,1,1,1,1
1.1213e-07,1,1,1,1,1,1,1,1,1,1,1
1.1221e-07,1,1,1,1,1,1,1,1,1,1,1
1.1229e-07,0,1,1,1,1,1,1,1,1,1,1
1.1237e-07,0,1,1,1,1,1,1,1,1,1,1
1.1245e-07,0,1,1,1,1,1,1,1,1,1,1
1.1253e-07,1,1,1,1,1,1,1,1,1,1,1
1.1261e-07,1,1,1,1,1,1,1,1,1,1,1
1.1269e-07,0,1,1,1,1,1,1,1,1,1,1
1.1277e-07,0,1,1,1,1,1,1,1,1,1,1
1.1285e-07,0,1,1,1,1,1,1,1,1,1,1
1.1293e-07,1,1,1,1,1,1,1,1,1,1,1
1.1301e-07,1,1,1,1,1,1,1,1,1,1,1
1.1309e-07,1,1,1,1,1,1,1,1,1,1,1
1.1317e-07,0,1,1,1,1,1,1,1,1,1,1
1.1325e-07,0,1,1,1,1,1,1,1,1,1,1
1.1333e-07,1,1,1,1,1,1,1,1,1,1,1
1.1341e-07,1,1,1,1,1,1,1,1,1,1,1
1.1349e-07,1,1,1,1,1,1,1,1,1,1,1
1.1357e-07,0,1,1,1,1,1,1,1,1,1,1
1.1365e-07,0,1,1,1,1,1,1,1,1,1,1
1.1373e-07,1,1,1,1,1,1,1,1,1,1,1
1.1381e-07,1,1,1,1,1,1,1,1,1,1,1
1.1389e-07,1,1,1,1,1,1,1,1,1,1,1
1.1397e-07,0,1,1,1,1,1,1,1,1,1,1
1.1405e-07,0,1,1,1,1,1,1,1,1,1,1
1.1413e-07,0,1,1,1,1,1,1,1,1,1,1
1.1421e-07,1,1,1,1,1,1,1,1,1,1,1
1.1429e-07,1,1,1,1,1,1,1,1,1,1,1
1.1437e-07,0,1,1,1,1,1,1,1,1,1,1
1.1445e-07,0,1,1,1,1,1,1,1,1,1,1
1.1453e-07,0,1,1,1,1,1,1,1,1,1,1
1.1461e-07,1,1,1,1,1,1,1,1,1,1,1
1.1469e-07,1,1,1,1,1,1,1,1,1,1,1
1.1477e-07,0,1,1,1,1,1,1,1,1,1,1
1.1485e-07,0,1,1,1,1,1,1,1,1,1,1
1.1493e-07,0,1,1,1,1,1,1,1,1,1,1
1.1501e-07,1,1,1,1,1,1,1,1,1,1,1
1.1509e-07,1,1,1,1,1,1,1,1,1,1,1
1.1517e-07,1,1,1,1,1,1,1,1,1,1,1
1.1525e-07,0,1,1,1,1,1,1,1,1,1,1
1.1533e-07,0,1,1,1,1,1,1,1,1,1,1
1.1541e-07,1,1,1,1,1,1,1,1,1,1,1
1.1549e-07,1,1,1,1,1,1,1,1,1,1,1
1.1557e-07,1,1,1,1,1,1,1,1,1,1,1
1.1565e-07,0,1,1,1,1,1,1,1,1,1,1
1.1573e-07,0,1,1,1,1,1,1,1,1,1,1
1.1581e-07,1,1,1,1,1,1,1,1,1,1,1
1.1589e-07,1,1,1,1,1,1,1,1,1,1,1
1.1597e-07,1,1,1,1,1,1,1,1,1,1,1
1.1605e-07,0,1,1,1,1,1,1,1,1,1,1
1.1613e-07,0,1,1,1,1,1,1,1,1,1,1
1.1621e-07,0,1,1,1,1,1,1,1,1,1,1
1.1629e-07,1,1,1,1,1,1,1,1,1,1,1
1.1637e-07,1,1,1,1,1,1,1,1,1,1,1
1.1645e-07,0,1,1,1,1,1,1,1,1,1,1
1.1653e-07,0,1,1,1,1,1,1,1,1,1,1
1.1661e-07,0,1,1,1,1,1,1,1,1,1,1
1.1669e-07,1,1,1,1,1,1,1,1,1,1,1
1.1677e-07,1,1,1,1,1,1,1,1,1,1,1
1.1685e-07,1,1,1,1,1,1,1,1,1,1,1
1.1693e-07,0,1,1,1,1,1,1,1,1,1,1
1.1701e-07,0,1,1,1,1,1,1,1,1,1,1
1.1709e-07,1,1,1,1,1,1,1,1,1,1,1
1.1717e-07,1,1,1,1,1,1,1,1,1,1,1
1.1725e-07,1,1,1,1,1,1,1,1,1,1,1
1.1733e-07,0,1,1,1,1,1,1,1,1,1,1
1.1741e-07,0,1,1,1,1,1,1,1,1,1,1
1.1749e-07,1,1,1,1,1,1,1,1,1,1,1
1.1757e-07,1,1,1,1,1,1,1,1,1,1,1
1.1765e-07,1,1,1,1,1,1,1,1,1,1,1
1.1773e-07,0,1,1,1,1,1,1,1,1,1,1
1.1781e-07,0,1,1,1,1,1,1,1,1,1,1
1.1789e-07,1,1,1,1,1,1,1,1,1,1,1
1.1797e-07,1,1,1,1,1,1,1,1,1,1,1
1.1805e-07,1,1,1,1,1,1,1,1,1,1,1
1.1813e-07,0,1,1,1,1,1,1,1,1,1,1
1.1821e-07,0,1,1,1,1,1,1,1,1,1,1
1.1829e-07,0,1,1,1,1,1,1,1,1,1,1
1.1837e-07,1,1,1,1,1,1,1,1,1,1,1
1.1845e-07,1,1,1,1,1,1,1,1,1,1,1
1.1853e-07,0,1,1,1,1,1,1,1,1,1,1
1.1861e-07,0,1,1,1,1,1,1,1,1,1,1
1.1869e-07,0,1,1,1,1,1,1,1,1,1,1
1.1877e-07,1,1,1,1,1,1,1,1,1,1,1
1.1885e-07,1,1,1,1,1,1,1,1,1,1,1
1.1893e-07,1,1,1,1,1,1,1,1,1,1,1
1.1901e-07,0,1,1,1,1,1,1,1,1,1,1
1.1909e-07,0,1,1,1,1,1,1,1,1,1,1
1.1917e-07,1,1,1,1,1,1,1,1,1,1,1
1.1925e-07,1,1,1,1,1,1,1,1,1,1,1
1.1933e-07,1,1,1,1,1,1,1,1,1,1,1
1.1941e-07,0,1,1,1,1,1,1,1,1,1,1
1.1949e-07,0,1,1,1,1,1,1,1,1,1,1
1.1957e-07,1,1,1,1,1,1,1,1,1,1,1
1.1965e-07,1,1,1,1,1,1,1,1,1,1,1
1.1973e-07,1,1,1,1,1,1,1,1,1,1,1
1.1981e-07,0,1,1,1,1,1,1,1,1,1,1
1.1989e-07,0,1,1,1,1,1,1,1,1,1,1
1.1997e-07,0,1,1,1,1,1,1,1,1,1,1
1.2005e-07,1,1,1,1,1,1,1,1,1,1,1
1.2013e-07,1,1,1,1,1,1,1,1,1,1,1
1.2021e-07,0,1,1,1,1,1,1,1,1,1,1
1.2029e-07,0,1,1,1,1,1,1,1,1,1,1
1.2037e-07,0,1,1,1,1,1,1,1,1,1,1
1.2045e-07,1,1,1,1,1,1,1,1,1,1,1
1.2053e-07,1,1,1,1,1,1,1,1,1,1,1
1.2061e-07,0,1,1,1,1,1,1,1,1,1,1
1.2069e-07,0,1,1,1,1,1,1,1,1,1,1
1.2077e-07,0,1,1,1,1,1,1,1,1,1,1
1.2085e-07,1,1,1,1,1,1,1,1,1,1,1
1.2093e-07,1,1,1,1,1,1,1,1,1,1,1
1.2101e-07,1,1,1,1,1,1,1,1,1,1,1
1.2109e-07,0,1,1,1,1,1,1,1,1,1,1
1.2117e-07,0,1,1,1,1,1,1,1,1,1,1
1.2125e-07,1,1,1,1,1,1,1,1,1,1,1
1.2133e-07,1,1,1,1,1,1,1,1,1,1,1
1.2141e-07,1,1,1,1,1,1,1,1,1,1,1
1.2149e-07,0,1,1,1,1,1,1,1,1,1,1
1.2157e-07,0,1,1,1,1,1,1,1,1,1,1
1.2165e-07,1,1,1,1,1,1,1,1,1,1,1
1.2173e-07,1,1,1,1,1,1,1,1,1,1,1
1.2181e-07,1,1,1,1,1,1,1,1,1,1,1
1.2189e-07,0,1,1,1,1,1,1,1,1,1,1
1.2197e-07,0,1,1,1,1,1,1,1,1,1,1
1.2205e-07,0,1,1,1,1,1,1,1,1,1,1
1.2213e-07,1,1,1,1,1,1,1,1,1,1,1
1.2221e-07,1,1,1,1,1,1,1,1,1,1,1
1.2229e-07,0,1,1,1,1,1,1,1,1,1,1
1.2237e-07,0,1,1,1,1,1,1,1,1,1,1
1.2245e-07,0,1,1,1,1,1,1,1,1,1,1
1.2253e-07,1,1,1,1,1,1,1,1,1,1,1
1.2261e-07,1,1,1,1,1,1,1,1,1,1,1
1.2269e-07,1,1,1,1,1,1,1,1,1,1,1
1.2277e-07,0,1,1,1,1,1,1,1,1,1,1
1.2285e-07,0,1,1,1,1,1,1,1,1,1,1
1.2293e-07,1,1,1,1,1,1,1,1,1,1,1
1.2301e-07,1,1,1,1,1,1,1,1,1,1,1
1.2309e-07,1,1,1,1,1,1,1,1,1,1,1
1.2317e-07,0,1,1,1,1,1,1,1,1,1,1
1.2325e-07,0,1,1,1,1,1,1,1,1,1,1
1.2333e-07,1,1,1,1,1,1,1,1,1,1,1
1.2341e-07,1,1,1,1,1,1,1,1,1,1,1
1.2349e-07,1,1,1,1,1,1,1,1,1,1,1
1.2357e-07,0,1,1,1,1,1,1,1,1,1,1
1.2365e-07,0,1,1,1,1,1,1,1,1,1,1
1.2373e-07,0,1,1,1,1,1,1,1,1,1,1
1.2381e-07,1,1,1,1,1,1,1,1,1,1,1
1.2389e-07,1,1,1,1,1,1,1,1,1,1,1
1.2397e-07,0,1,1,1,1,1,1,1,1,1,1
1.2405e-07,0,1,1,1,1,1,1,1,1,1,1
1.2413e-07,0,1,1,1,1,1,1,1,1,1,1
1.2421e-07,1,1,1,1,1,1,1,1,1,1,1
1.2429e-07,1,1,1,1,1,1,1,1,1,1,1
1.2437e-07,0,1,1,1,1,1,1,1,1,1,1
1.2445e-07,0,1,1,1,1,1,1,1,1,1,1
1.2453e-07,0,1,1,1,1,1,1,1,1,1,1
1.2461e-07,1,1,1,1,1,1,1,1,1,1,1
1.2469e-07,1,1,1,1,1,1,1,1,1,1,1
1.2477e-07,1,1,1,1,1,1,1,1,1,1,1
1.2485e-07,0,1,1,1,1,1,1,1,1,1,1
1.2493e-07,0,1,1,1,1,1,1,1,1,1,1
1.2501e-07,1,1,1,1,1,1,1,1,1,1,1
1.2509e-07,1,1,1,1,1,1,1,1,1,1,1
1.2517e-07,1,1,1,1,1,1,1,1,1,1,1
1.2525e-07,0,1,1,1,1,1,1,1,1,1,1
1.2533e-07,0,1,1,1,1,1,1,1,1,1,1
1.2541e-07,1,1,1,1,1,1,1,1,1,1,1
1.2549e-07,1,1,1,1,1,1,1,1,1,1,1
1.2557e-07,1,1,1,1,1,1,1,1,1,1,1
1.2565e-07,0,1,1,1,1,1,1,1,1,1,1
1.2573e-07,0,1,1,1,1,1,1,1,1,1,1
1.2581e-07,0,1,1,1,1,1,1,1,1,1,1
1.2589e-07,1,1,1,1,1,1,1,1,1,1,1
1.2597e-07,1,1,1,1,1,1,1,1,1,1,1
1.2605e-07,0,1,1,1,1,1,1,1,1,1,1
1.2613e-07,0,1,1,1,1,1,1,1,1,1,1
1.2621e-07,0,1,1,1,1,1,1,1,1,1,1
1.2629e-07,1,1,1,1,1,1,1,1,1,1,1
1.2637e-07,1,1,1,1,1,1,1,1,1,1,1
1.2645e-07,1,1,1,1,1,1,1,1,1,1,1
1.2653e-07,0,1,1,1,1,1,1,1,1,1,1
1.2661e-07,0,1,1,1,1,1,1,1,1,1,1
1.2669e-07,1,1,1,1,1,1,1,1,1,1,1
1.2677e-07,1,1,1,1,1,1,1,1,1,1,1
1.2685e-07,1,1,1,1,1,1,1,1,1,1,1
1.2693e-07,0,1,1,1,1,1,1,1,1,1,1
1.2701e-07,0,1,1,1,1,1,1,1,1,1,1
1.2709e-07,1,1,1,1,1,1,1,1,1,1,1
1.2717e-07,1,1,1,1,1,1,1,1,1,1,1
1.2725e-07,1,1,1,1,1,1,1,1,1,1,1
1.2733e-07,0,1,1,1,1,1,1,1,1,1,1
1.2741e-07,0,1,1,1,1,1,1,1,1,1,1
1.2749e-07,0,1,1,1,1,1,1,1,1,1,1
1.2757e-07,1,1,1,1,1,1,1,1,1,1,1
1.2765e-07,1,1,1,1,1,1,1,1,1,1,1
1.2773e-07,0,1,1,1,1,1,1,1,1,1,1
1.2781e-07,0,1,1,1,1,1,1,1,1,1,1
1.2789e-07,0,1,1,1,1,1,1,1,1,1,1
1.2797e-07,1,1,1,1,1,1,1,1,1,1,1
1.2805e-07,1,1,1,1,1,1,1,1,1,1,1
1.2813e-07,0,1,1,1,1,1,1,1,1,1,1
1.2821e-07,0,1,1,1,1,1,1,1,1,1,1
1.2829e-07,0,1,1,1,1,1,1,1,1,1,1
1.2837e-07,1,1,1,1,1,1,1,1,1,1,1
1.2845e-07,1,1,1,1,1,1,1,1,1,1,1
1.2853e-07,1,1,1,1,1,1,1,1,1,1,1
1.2861e-07,0,1,1,1,1,1,1,1,1,1,1
1.2869e-07,0,1,1,1,1,1,1,1,1,1,1
1.2877e-07,1,1,1,1,1,1,1,1,1,1,1
1.2885e-07,1,1,1,1,1,1,1,1,1,1,1
1.2893e-07,1,1,1,1,1,1,1,1,1,1,1
1.2901e-07,0,1,1,1,1,1,1,1,1,1,1
1.2909e-07,0,1,1,1,1,1,1,1,1,1,1
1.2917e-07,1,1,1,1,1,1,1,1,1,1,1
1.2925e-07,1,1,1,1,1,1,1,1,1,1,1
1.2933e-07,1,1,1,1,1,1,1,1,1,1,1
1.2941e-07,0,1,1,1,1,1,1,1,1,1,1
1.2949e-07,0,1,1,1,1,1,1,1,1,1,1
1.2957e-07,0,1,1,1,1,1,1,1,1,1,1
1.2965e-07,1,1,1,1,1,1,1,1,1,1,1
1.2973e-07,1,1,1,1,1,1,1,1,1,1,1
1.2981e-07,0,1,1,1,1,1,1,1,1,1,1
1.2989e-07,0,1,1,1,1,1,1,1,1,1,1
1.2997e-07,0,1,1,1,1,1,1,1,1,1,1
1.3005e-07,1,1,1,1,1,1,1,1,1,1,1
1.3013e-07,1,1,1,1,1,1,1,1,1,1,1
1.3021e-07,1,1,1,1,1,1,1,1,1,1,1
1.3029e-07,0,1,1,1,1,1,1,1,1,1,1
1.3037e-07,0,1,1,1,1,1,1,1,1,1,1
1.3045e-07,1,1,1,1,1,1,1,1,1,1,1
1.3053e-07,1,1,1,1,1,1,1,1,1,1,1
1.3061e-07,1,1,1,1,1,1,1,1,1,1,1
1.3069e-07,0,1,1,1,1,1,1,1,1,1,1
1.3077e-07,0,1,1,1,1,1,1,1,1,1,1
1.3085e-07,1,1,1,1,1,1,1,1,1,1,1
1.3093e-07,1,1,1,1,1,1,1,1,1,1,1
1.3101e-07,1,1,1,1,1,1,1,1,1,1,1
1.3109e-07,0,1,1,1,1,1,1,1,1,1,1
1.3117e-07,0,1,1,1,1,1,1,1,1,1,1
1.3125e-07,0,1,1,1,1,1,1,1,1,1,1
1.3133e-07,1,1,1,1,1,1,1,1,1,1,1
1.3141e-07,1,1,1,1,1,1,1,1,1,1,1
1.3149e-07,0,1,1,1,1,1,1,1,1,1,1
1.3157e-07,0,1,1,1,1,1,1,1,1,1,1
1.3165e-07,0,1,1,1,1,1,1,1,1,1,1
1.3173e-07,1,1,1,1,1,1,1,1,1,1,1
1.3181e-07,1,1,1,1,1,1,1,1,1,1,1
1.3189e-07,0,1,1,1,1,1,1,1,1,1,1
1.3197e-07,0,1,1,1,1,1,1,1,1,1,1
1.3205e-07,0,1,1,1,1,1,1,1,1,1,1
1.3213e-07,1,1,1,1,1,1,1,1,1,1,1
1.3221e-07,1,1,1,1,1,1,1,1,1,1,1
1.3229e-07,1,1,1,1,1,1,1,1,1,1,1
1.3237e-07,0,1,1,1,1,1,1,1,1,1,1
1.3245e-07,0,1,1,1,1,1,1,1,1,1,1
1.3253e-07,1,1,1,1,1,1,1,1,1,1,1
1.3261e-07,1,1,1,1,1,1,1,1,1,1,1
1.3269e-07,1,1,1,1,1,1,1,1,1,1,1
1.3277e-07,0,1,1,1,1,1,1,1,1,1,1
1.3285e-07,0,1,1,1,1,1,1,1,1,1,1
1.3293e-07,0,1,1,1,1,1,1,1,1,1,1
1.3301e-07,1,1,1,1,1,1,1,1,1,1,1
1.3309e-07,1,1,1,1,1,1,1,1,1,1,1
1.3317e-07,0,1,1,1,1,1,1,1,1,1,1
1.3325e-07,0,1,1,1,1,1,1,1,1,1,1
1.3333e-07,0,1,1,1,1,1,1,1,1,1,1
1.3341e-07,1,1,1,1,1,1,1,1,1,1,1
1.3349e-07,1,1,1,1,1,1,1,1,1,1,1
1.3357e-07,0,1,1,1,1,1,1,1,1,1,1
1.3365e-07,0,1,1,1,1,1,1,1,1,1,1
1.3373e-07,0,1,1,1,1,1,1,1,1,1,1
1.3381e-07,1,1,1,1,1,1,1,1,1,1,1
1.3389e-07,1,1,1,1,1,1,1,1,1,1,1
1.3397e-07,1,1,1,1,1,1,1,1,1,1,1
1.3405e-07,0,1,1,1,1,1,1,1,1,1,1
1.3413e-07,0,1,1,1,1,1,1,1,1,1,1
1.3421e-07,1,1,1,1,1,1,1,1,1,1,1
1.3429e-07,1,1,1,1,1,1,1,1,1,1,1
1.3437e-07,1,1,1,1,1,1,1,1,1,1,1
1.3445e-07,0,1,1,1,1,1,1,1,1,1,1
1.3453e-07,0,1,1,1,1,1,1,1,1,1,1
1.3461e-07,1,1,1,1,1,1,1,1,1,1,1
1.3469e-07,1,1,1,1,1,1,1,1,1,1,1
1.3477e-07,1,1,1,1,1,1,1,1,1,1,1
1.3485e-07,0,1,1,1,1,1,1,1,1,1,1
1.3493e-07,0,1,1,1,1,1,1,1,1,1,1
1.3501e-07,0,1,1,1,1,1,1,1,1,1,1
1.3509e-07,1,1,1,1,1,1,1,1,1,1,1
1.3517e-07,1,1,1,1,1,1,1,1,1,1,1
1.3525e-07,0,1,1,1,1,1,1,1,1,1,1
1.3533e-07,0,1,1,1,1,1,1,1,1,1,1
1.3541e-07,0,1,1,1,1,1,1,1,1,1,1
1.3549e-07,1,1,1,1,1,1,1,1,1,1,1
1.3557e-07,1,1,1,1,1,1,1,1,1,1,1
1.3565e-07,1,1,1,1,1,1,1,1,1,1,1
1.3573e-07,0,1,1,1,1,1,1,1,1,1,1
1.3581e-07,0,1,1,1,1,1,1,1,1,1,1
1.3589e-07,1,1,1,1,1,1,1,1,1,1,1
1.3597e-07,1,1,1,1,1,1,1,1,1,1,1
1.3605e-07,1,1,1,1,1,1,1,1,1,1,1
1.3613e-07,0,1,1,1,1,1,1,1,1,1,1
1.3621e-07,0,1,1,1,1,1,1,1,1,1,1
1.3629e-07,1,1,1,1,1,1,1,1,1,1,1
1.3637e-07,1,1,1,1,1,1,1,1,1,1,1
1.3645e-07,1,1,1,1,1,1,1,1,1,1,1
1.3653e-07,0,1,1,1,1,1,1,1,1,1,1
1.3661e-07,0,1,1,1,1,1,1,1,1,1,1
1.3669e-07,0,1,1,1,1,1,1,1,1,1,1
1.3677e-07,1,1,1,1,1,1,1,1,1,1,1
1.3685e-07,1,1,1,1,1,1,1,1,1,1,1
1.3693e-07,0,1,1,1,1,1,1,1,1,1,1
1.3701e-07,0,1,1,1,1,1,1,1,1,1,1
1.3709e-07,0,1,1,1,1,1,1,1,1,1,1
1.3717e-07,1,1,1,1,1,1,1,1,1,1,1
1.3725e-07,1,1,1,1,1,1,1,1,1,1,1
1.3733e-07,0,1,1,1,1,1,1,1,1,1,1
1.3741e-07,0,1,1,1,1,1,1,1,1,1,1
1.3749e-07,0,1,1,1,1,1,1,1,1,1,1
1.3757e-07,1,1,1,1,1,1,1,1,1,1,1
1.3765e-07,1,1,1,1,1,1,1,1,1,1,1
1.3773e-07,1,1,1,1,1,1,1,1,1,1,1
1.3781e-07,0,1,1,1,1,1,1,1,1,1,1
1.3789e-07,0,1,1,1,1,1,1,1,1,1,1
1.3797e-07,1,1,1,1,1,1,1,1,1,1,1
1.3805e-07,1,1,1,1,1,1,1,1,1,1,1
1.3813e-07,1,1,1,1,1,1,1,1,1,1,1
1.3821e-07,0,1,1,1,1,1,1,1,1,1,1
1.3829e-07,0,1,1,1,1,1,1,1,1,1,1
1.3837e-07,1,1,1,1,1,1,1,1,1,1,1
1.3845e-07,1,1,1,1,1,1,1,1,1,1,1
1.3853e-07,1,1,1,1,1,1,1,1,1,1,1
1.3861e-07,0,1,1,1,1,1,1,1,1,1,1
1.3869e-07,0,1,1,1,1,1,1,1,1,1,1
1.3877e-07,0,1,1,1,1,1,1,1,1,1,1
1.3885e-07,1,1,1,1,1,1,1,1,1,1,1
1.3893e-07,1,1,1,1,1,1,1,1,1,1,1
1.3901e-07,0,1,1,1,1,1,1,1,1,1,1
1.3909e-07,0,1,1,1,1,1,1,1,1,1,1
1.3917e-07,0,1,1,1,1,1,1,1,1,1,1
1.3925e-07,1,1,1,1,1,1,1,1,1,1,1
1.3933e-07,1,1,1,1,1,1,1,1,1,1,1
1.3941e-07,1,1,1,1,1,1,1,1,1,1,1
1.3949e-07,0,1,1,1,1,1,1,1,1,1,1
1.3957e-07,0,1,1,1,1,1,1,1,1,1,1
1.3965e-07,1,1,1,1,1,1,1,1,1,1,1
1.3973e-07,1,1,1,1,1,1,1,1,1,1,1
1.3981e-07,1,1,1,1,1,1,1,1,1,1,1
1.3989e-07,0,1,1,1,1,1,1,1,1,1,1
1.3997e-07,0,1,1,1,1,1,1,1,1,1,1
1.4005e-07,1,1,1,1,1,1,1,1,1,1,1
1.4013e-07,1,1,1,1,1,1,1,1,1,1,1
1.4021e-07,1,1,1,1,1,1,1,1,1,1,1
1.4029e-07,0,1,1,1,1,1,1,1,1,1,1
1.4037e-07,0,1,1,1,1,1,1,1,1,1,1
1.4045e-07,0,1,1,1,1,1,1,1,1,1,1
1.4053e-07,1,1,1,1,1,1,1,1,1,1,1
1.4061e-07,1,1,1,1,1,1,1,1,1,1,1
1.4069e-07,0,1,1,1,1,1,1,1,1,1,1
1.4077e-07,0,1,1,1,1,1,1,1,1,1,1
1.4085e-07,0,1,1,1,1,1,1,1,1,1,1
1.4093e-07,1,1,1,1,1,1,1,1,1,1,1
1.4101e-07,1,1,1,1,1,1,1,1,1,1,1
1.4109e-07,1,1,1,1,1,1,1,1,1,1,1
1.4117e-07,0,1,1,1,1,1,1,1,1,1,1
1.4125e-07,0,1,1,1,1,1,1,1,1,1,1
1.4133e-07,1,1,1,1,1,1,1,1,1,1,1
1.4141e-07,1,1,1,1,1,1,1,1,1,1,1
1.4149e-07,1,1,1,1,1,1,1,1,1,1,1
1.4157e-07,0,1,1,1,1,1,1,1,1,1,1
1.4165e-07,0,1,1,1,1,1,1,1,1,1,1
1.4173e-07,1,1,1,1,1,1,1,1,1,1,1
1.4181e-07,1,1,1,1,1,1,1,1,1,1,1
1.4189e-07,1,1,1,1,1,1,1,1,1,1,1
1.4197e-07,0,1,1,1,1,1,1,1,1,1,1
1.4205e-07,0,1,1,1,1,1,1,1,1,1,1
1.4213e-07,0,1,1,1,1,1,1,1,1,1,1
1.4221e-07,1,1,1,1,1,1,1,1,1,1,1
1.4229e-07,1,1,1,1,1,1,1,1,1,1,1
1.4237e-07,0,1,1,1,1,1,1,1,1,1,1
1.4245e-07,0,1,1,1,1,1,1,1,1,1,1
1.4253e-07,0,1,1,1,1,1,1,1,1,1,1
1.4261e-07,1,1,1,1,1,1,1,1,1,1,1
1.4269e-07,1,1,1,1,1,1,1,1,1,1,1
1.4277e-07,0,1,1,1,1,1,1,1,1,1,1
1.4285e-07,0,1,1,1,1,1,1,1,1,1,1
1.4293e-07,0,1,1,1,1,1,1,1,1,1,1
1.4301e-07,1,1,1,1,1,1,1,1,1,1,1
1.4309e-07,1,1,1,1,1,1,1,1,1,1,1
1.4317e-07,1,1,1,1,1,1,1,1,1,1,1
1.4325e-07,0,1,1,1,1,1,1,1,1,1,1
1.4333e-07,0,1,1,1,1,1,1,1,1,1,1
1.4341e-07,1,1,1,1,1,1,1,1,1,1,1
1.4349e-07,1,1,1,1,1,1,1,1,1,1,1
1.4357e-07,1,1,1,1,1,1,1,1,1,1,1
1.4365e-07,0,1,1,1,1,1,1,1,1,1,1
1.4373e-07,0,1,1,1,1,1,1,1,1,1,1
1.4381e-07,1,1,1,1,1,1,1,1,1,1,1
1.4389e-07,1,1,1,1,1,1,1,1,1,1,1
1.4397e-07,1,1,1,1,1,1,1,1,1,1,1
1.4405e-07,0,1,1,1,1,1,1,1,1,1,1
1.4413e-07,0,1,1,1,1,1,1,1,1,1,1
1.4421e-07,0,1,1,1,1,1,1,1,1,1,1
1.4429e-07,1,1,1,1,1,1,1,1,1,1,1
1.4437e-07,1,1,1,1,1,1,1,1,1,1,1
1.4445e-07,0,1,1,1,1,1,1,1,1,1,1
1.4453e-07,0,1,1,1,1,1,1,1,1,1,1
1.4461e-07,0,1,1,1,1,1,1,1,1,1,1
1.4469e-07,1,1,1,1,1,1,1,1,1,1,1
1.4477e-07,1,1,1,1,1,1,1,1,1,1,1
1.4485e-07,1,1,1,1,1,1,1,1,1,1,1
1.4493e-07,0,1,1,1,1,1,1,1,1,1,1
1.4501e-07,0,1,1,1,1,1,1,1,1,1,1
1.4509e-07,1,1,1,1,1,1,1,1,1,1,1
1.4517e-07,1,1,1,1,1,1,1,1,1,1,1
1.4525e-07,1,1,1,1,1,1,1,1,1,1,1
1.4533e-07,0,1,1,1,1,1,1,1,1,1,1
1.4541e-07,0,1,1,1,1,1,1,1,1,1,1
1.4549e-07,1,1,1,1,1,1,1,1,1,1,1
1.4557e-07,1,1,1,1,1,1,1,1,1,1,1
1.4565e-07,1,1,1,1,1,1,1,1,1,1,1
1.4573e-07,0,1,1,1,1,1,1,1,1,1,1
1.4581e-07,0,1,1,1,1,1,1,1,1,1,1
1.4589e-07,0,1,1,1,1,1,1,1,1,1,1
1.4597e-07,1,1,1,1,1,1,1,1,1,1,1
1.4605e-07,1,1,1,1,1,1,1,1,1,1,1
1.4613e-07,0,1,1,1,1,1,1,1,1,1,1
1.4621e-07,0,1,1,1,1,1,1,1,1,1,1
1.4629e-07,0,1,1,1,1,1,1,1,1,1,1
1.4637e-07,1,1,1,1,1,1,1,1,1,1,1
1.4645e-07,1,1,1,1,1,1,1,1,1,1,1
1.4653e-07,0,1,1,1,1,1,1,1,1,1,1
1.4661e-07,0,1,1,1,1,1,1,1,1,1,1
1.4669e-07,0,1,1,1,1,1,1,1,1,1,1
1.4677e-07,1,1,1,1,1,1,1,1,1,1,1
1.4685e-07,1,1,1,1,1,1,1,1,1,1,1
1.4693e-07,1,1,1,1,1,1,1,1,1,1,1
1.4701e-07,0,1,1,1,1,1,1,1,1,1,1
1.4709e-07,0,1,1,1,1,1,1,1,1,1,1
1.4717e-07,1,1,1,1,1,1,1,1,1,1,1
1.4725e-07,1,1,1,1,1,1,1,1,1,1,1
1.4733e-07,1,1,1,1,1,1,1,1,1,1,1
1.4741e-07,0,1,1,1,1,1,1,1,1,1,1
1.4749e-07,0,1,1,1,1,1,1,1,1,1,1
1.4757e-07,1,1,1,1,1,1,1,1,1,1,1
1.4765e-07,1,1,1,1,1,1,1,1,1,1,1
1.4773e-07,1,1,1,1,1,1,1,1,1,1,1
1.4781e-07,0,1,1,1,1,1,1,1,1,1,1
1.4789e-07,0,1,1,1,1,1,1,1,1,1,1
1.4797e-07,0,1,1,1,1,1,1,1,1,1,1
1.4805e-07,1,1,1,1,1,1,1,1,1,1,1
1.4813e-07,1,1,1,1,1,1,1,1,1,1,1
1.4821e-07,0,1,1,1,1,1,1,1,1,1,1
1.4829e-07,0,1,1,1,1,1,1,1,1,1,1
1.4837e-07,0,1,1,1,1,1,1,1,1,1,1
1.4845e-07,1,1,1,1,1,1,1,1,1,1,1
1.4853e-07,1,1,1,1,1,1,1,1,1,1,1
1.4861e-07,1,1,1,1,1,1,1,1,1,1,1
1.4869e-07,0,1,1,1,1,1,1,1,1,1,1
1.4877e-07,0,1,1,1,1,1,1,1,1,1,1
1.4885e-07,1,1,1,1,1,1,1,1,1,1,1
1.4893e-07,1,1,1,1,1,1,1,1,1,1,1
1.4901e-07,1,1,1,1,1,1,1,1,1,1,1
1.4909e-07,0,1,1,1,1,1,1,1,1,1,1
1.4917e-07,0,1,1,1,1,1,1,1,1,1,1
1.4925e-07,1,1,1,1,1,1,1,1,1,1,1
1.4933e-07,1,1,1,1,1,1,1,1,1,1,1
1.4941e-07,1,1,1,1,1,1,1,1,1,1,1
1.4949e-07,0,1,1,1,1,1,1,1,1,1,1
1.4957e-07,0,1,1,1,1,1,1,1,1,1,1
1.4965e-07,1,1,1,1,1,1,1,1,1,1,1
1.4973e-07,1,1,1,1,1,1,1,1,1,1,1
1.4981e-07,1,1,1,1,1,1,1,1,1,1,1
1.4989e-07,0,1,1,1,1,1,1,1,1,1,1
1.4997e-07,0,1,1,1,1,1,1,1,1,1,1
1.5005e-07,0,1,1,1,1,1,1,1,1,1,1
1.5013e-07,1,1,1,1,1,1,1,1,1,1,1
1.5021e-07,1,1,1,1,1,1,1,1,1,1,1
1.5029e-07,0,1,1,1,1,1,1,1,1,1,1
1.5037e-07,0,1,1,1,1,1,1,1,1,1,1
1.5045e-07,0,1,1,1,1,1,1,1,1,1,1
1.5053e-07,1,1,1,1,1,1,1,1,1,1,1
1.5061e-07,1,1,1,1,1,1,1,1,1,1,1
1.5069e-07,1,1,1,1,1,1,1,1,1,1,1
1.5077e-07,0,1,1,1,1,1,1,1,1,1,1
1.5085e-07,0,1,1,1,1,1,1,1,1,1,1
1.5093e-07,1,1,1,1,1,1,1,1,1,1,1
1.5101e-07,1,1,1,1,1,1,1,1,1,1,1
1.5109e-07,1,1,1,1,1,1,1,1,1,1,1
1.5117e-07,0,1,1,1,1,1,1,1,1,1,1
1.5125e-07,0,1,1,1,1,1,1,1,1,1,1
1.5133e-07,1,1,1,1,1,1,1,1,1,1,1
1.5141e-07,1,1,1,1,1,1,1,1,1,1,1
1.5149e-07,1,1,1,1,1,1,1,1,1,1,1
1.5157e-07,0,1,1,1,1,1,1,1,1,1,1
1.5165e-07,0,1,1,1,1,1,1,1,1,1,1
1.5173e-07,0,1,1,1,1,1,1,1,1,1,1
1.5181e-07,1,1,1,1,1,1,1,1,1,1,1
1.5189e-07,1,1,1,1,1,1,1,1,1,1,1
1.5197e-07,0,1,1,1,1,1,1,1,1,1,1
1.5205e-07,0,1,1,1,1,1,1,1,1,1,1
1.5213e-07,0,1,1,1,1,1,1,1,1,1,1
1.5221e-07,1,1,1,1,1,1,1,1,1,1,1
1.5229e-07,1,1,1,1,1,1,1,1,1,1,1
1.5237e-07,1,1,1,1,1,1,1,1,1,1,1
1.5245e-07,0,1,1,1,1,1,1,1,1,1,1
1.5253e-07,0,1,1,1,1,1,1,1,1,1,1
1.5261e-07,1,1,1,1,1,1,1,1,1,1,1
1.5269e-07,1,1,1,1,1,1,1,1,1,1,1
1.5277e-07,1,1,1,1,1,1,1,1,1,1,1
1.5285e-07,0,1,1,1,1,1,1,1,1,1,1
1.5293e-07,0,1,1,1,1,1,1,1,1,1,1
1.5301e-07,1,1,1,1,1,1,1,1,1,1,1
1.5309e-07,1,1,1,1,1,1,1,1,1,1,1
1.5317e-07,1,1,1,1,1,1,1,1,1,1,1
1.5325e-07,0,1,1,1,1,1,1,1,1,1,1
1.5333e-07,0,1,1,1,1,1,1,1,1,1,1
1.5341e-07,1,1,1,1,1,1,1,1,1,1,1
1.5349e-07,1,1,1,1,1,1,1,1,1,1,1
1.5357e-07,1,1,1,1,1,1,1,1,1,1,1
1.5365e-07,0,1,1,1,1,1,1,1,1,1,1
1.5373e-07,0,1,1,1,1,1,1,1,1,1,1
1.5381e-07,0,1,1,1,1,1,1,1,1,1,1
1.5389e-07,1,1,1,1,1,1,1,1,1,1,1
1.5397e-07,1,1,1,1,1,1,1,1,1,1,1
1.5405e-07,0,1,1,1,1,1,1,1,1,1,1
1.5413e-07,0,1,1,1,1,1,1,1,1,1,1
1.5421e-07,0,1,1,1,1,1,1,1,1,1,1
1.5429e-07,1,1,1,1,1,1,1,1,1,1,1
1.5437e-07,1,1,1,1,1,1,1,1,1,1,1
1.5445e-07,1,1,1,1,1,1,1,1,1,1,1
1.5453e-07,0,1,1,1,1,1,1,1,1,1,1
1.5461e-07,0,1,1,1,1,1,1,1,1,1,1
1.5469e-07,1,1,1,1,1,1,1,1,1,1,1
1.5477e-07,1,1,1,1,1,1,1,1,1,1,1
1.5485e-07,1,1,1,1,1,1,1,1,1,1,1
1.5493e-07,0,1,1,1,1,1,1,1,1,1,1
1.5501e-07,0,1,1,1,1,1,1,1,1,1,1
1.5509e-07,1,1,1,1,1,1,1,1,1,1,1
1.5517e-07,1,1,1,1,1,1,1,1,1,1,1
1.5525e-07,1,1,1,1,1,1,1,1,1,1,1
1.5533e-07,0,1,1,1,1,1,1,1,1,1,1
1.5541e-07,0,1,1,1,1,1,1,1,1,1,1
1.5549e-07,0,1,1,1,1,1,1,1,1,1,1
1.5557e-07,1,1,1,1,1,1,1,1,1,1,1
1.5565e-07,1,1,1,1,1,1,1,1,1,1,1
1.5573e-07,0,1,1,1,1,1,1,1,1,1,1
1.5581e-07,0,1,1,1,1,1,1,1,1,1,1
1.5589e-07,0,1,1,1,1,1,1,1,1,1,1
1.5597e-07,1,1,1,1,1,1,1,1,1,1,1
1.5605e-07,1,1,1,1,1,1,1,1,1,1,1
1.5613e-07,1,1,1,1,1,1,1,1,1,1,1
1.5621e-07,0,1,1,1,1,1,1,1,1,1,1
1.5629e-07,0,1,1,1,1,1,1,1,1,1,1
1.5637e-07,1,1,1,1,1,1,1,1,1,1,1
1.5645e-07,1,1,1,1,1,1,1,1,1,1,1
1.5653e-07,1,1,1,1,1,1,1,1,1,1,1
1.5661e-07,0,1,1,1,1,1,1,1,1,1,1
1.5669e-07,0,1,1,1,1,1,1,1,1,1,1
1.5677e-07,1,1,1,1,1,1,1,1,1,1,1
1.5685e-07,1,1,1,1,1,1,1,1,1,1,1
1.5693e-07,1,1,1,1,1,1,1,1,1,1,1
1.5701e-07,0,1,1,1,1,1,1,1,1,1,1
1.5709e-07,0,1,1,1,1,1,1,1,1,1,1
1.5717e-07,1,1,1,1,1,1,1,1,1,1,1
1.5725e-07,1,1,1,1,1,1,1,1,1,1,1
1.5733e-07,1,1,1,1,1,1,1,1,1,1,1
1.5741e-07,0,1,1,1,1,1,1,1,1,1,1
1.5749e-07,0,1,1,1,1,1,1,1,1,1,1
1.5757e-07,0,1,1,1,1,1,1,1,1,1,1
1.5765e-07,1,1,1,1,1,1,1,1,1,1,1
1.5773e-07,1,1,1,1,1,1,1,1,1,1,1
1.5781e-07,0,1,1,1,1,1,1,1,1,1,1
1.5789e-07,0,1,1,1,1,1,1,1,1,1,1
1.5797e-07,0,1,1,1,1,1,1,1,1,1,1
1.5805e-07,1,1,1,1,1,1,1,1,1,1,1
1.5813e-07,1,1,1,1,1,1,1,1,1,1,1
1.5821e-07,1,1,1,1,1,1,1,1,1,1,1
1.5829e-07,0,1,1,1,1,1,1,1,1,1,1
1.5837e-07,0,1,1,1,1,1,1,1,1,1,1
1.5845e-07,1,1,1,1,1,1,1,1,1,1,1
